1.
0.8103313960256644
0.656124948104303
0.5308465472751348
0.4291482141340947
0.3466560329464982
0.27979541645086564
0.2256472332601945
0.1818294324604229
0.14639971779413322
0.1177755871866994
0.0946686878678863
0.07603096435649077
0.061010514010962365
0.0489154276763544
0.03918419368941793
0.03136149258874655
0.025078416036802154
0.02003631396907872
0.01599361490481339
0.012755080732535739
0.010163053324534205
0.008090329531911708
0.006434366370885881
0.005112571943603087
0.00405848184487321
0.0032186571500280063
0.0025501699342609287
0.002018566779472148
0.001596220823386266
0.001260999376848354
0.0009951876225850536
0.000784619943859976
0.0006179794528021947
0.0004862336571299861
0.00038218021816520484
0.00030008165737245937
0.0002353718645662076
0.00018442051388359816
0.0001443441394661464
0.00011285477295686683
0.00008813879072454242
0.00006876003495666948
0.000053582420604249715
0.000041708169634769686
0.000032428566009789096
0.000025184732591508332
0.000019536421983221157
0.000015137209267209155
0.000011714793744684942
9.05537376257457e-6
6.991265438727977e-6
5.391102235569359e-6
4.1520857198053005e-6
3.1938648322692027e-6
2.453706716667867e-6
1.882690774694712e-6
1.4427124848765585e-6
1.1041273530424696e-6
8.439003379177747e-7
6.441539755404259e-7
4.910306267262745e-7
3.73801930694907e-7
2.841725790401029e-7
2.1573666053722912e-7
1.6355365623853637e-7
1.2381815613268296e-7
9.360289933611072e-8
7.065910967725853e-8
5.326154726754794e-8
4.008841522131941e-8
3.0128401148335363e-8
2.260881631921465e-8
1.694011754873209e-8
1.2673134064412285e-8
9.46613432478836e-9
7.059503731155273e-9
5.256301237157591e-9
3.907350850946928e-9
2.89982648743108e-9
2.1485241090918784e-9
1.589198184419007e-9
1.1734816590507858e-9
8.650188745920814e-10
6.365262366110354e-10
4.675614472447827e-10
3.4283309497584367e-10
2.509217038457917e-10
1.8331361359797222e-10
1.336723363125162e-10
9.728990430138966e-11
7.067442312914859e-11
5.124052998009625e-11
3.70774724306103e-11
2.677563906118616e-11
1.92970336462938e-11
1.3878729904192983e-11
9.961036445705462e-12
7.134143344480001e-12
5.098567442947077e-12
3.6358816914081495e-12
2.5870951999157914e-12
1.8367145369728436e-12
1.3010159537051204e-12
9.194328525543518e-13
6.482435094182434e-13
4.559539772649112e-13
3.1992780287133204e-13
2.2393094900055522e-13
1.5634714893519843e-13
1.088833751684571e-13
7.563285404500792e-14
5.2398362852638846e-14
3.6204596656968965e-14
2.4947575543355535e-14
1.7143160073283928e-14
1.1747080500072961e-14
8.026450025479401e-15
5.468255968211523e-15
3.714347041244528e-15
2.5153603909954484e-15
1.698153863114813e-15
1.1428443419248025e-15
7.666614342856991e-16
5.126240527072157e-16
3.4162097913792466e-16
2.268875231134316e-16
1.5016422429281202e-16
9.903306821198581e-17
6.507569163392562e-17
4.260374552771681e-17
2.778634880385929e-17
1.8052308453004808e-17
1.1681884297183285e-17
7.528902385412086e-18
4.8322238700550155e-18
3.088269668102176e-18
1.9651260024137415e-18
1.2448721478586487e-18
7.84997328233764e-19
4.926837281924055e-19
3.0773000435522156e-19
1.9125608771679532e-19
1.1826159845992709e-19
7.274301950802423e-20
4.450313386308966e-20
2.7075120087543396e-20
1.6377796670559828e-20
9.848411048235018e-21
5.885968621061332e-21
3.495593914724015e-21
2.062431877528639e-21
1.2086256155731068e-21
7.033125627469401e-22
4.0628646753017867e-22
2.3292602082683094e-22
1.3248595249792544e-22
7.473798578375844e-23
4.179977031682104e-23
2.3168322592785982e-23
1.2720811113329425e-23
6.915564422470824e-24
3.720533036306298e-24
1.9796805576816513e-24
1.0411581360993709e-24
5.4082343881805625e-25
2.7724081228573017e-25
1.4012616627877644e-25
6.975589442121331e-26
3.415934059974897e-26
1.6431701205743897e-26
7.751109237355102e-27
3.578246524130918e-27
1.6125923236174268e-27
7.072736874744429e-28
3.007147894391333e-28
1.2330955951128208e-28
4.842777935391236e-29
1.8037705146982185e-29
6.278859349932716e-30
1.9949171494005152e-30
5.545281049843692e-31
1.2332073040471672e-31
1.6997348698063464e-32
2.325067602470473e-34
1.4134084650593282e-33
3.090166098399174e-33
3.088426875102928e-33
2.2555775967353267e-33
1.3622582248615338e-33
7.117814408426888e-34
3.2614125592574864e-34
1.300911699540145e-34
4.374001222039606e-35
1.1410761332206649e-35
1.7973360174289194e-36
2.7597482712575244e-38
1.8101436354518093e-37
4.222814797599672e-37
4.3929920463468165e-37
3.2493014057889317e-37
1.921677006370304e-37
9.391505923186853e-38
3.7495114020228897e-38
1.144202688196192e-38
2.1465939147490542e-39
6.364587773393992e-41
1.7404390580840877e-40
4.9619315434787685e-40
5.5989882406356406e-40
4.313465677416571e-40
2.5674169826225826e-40
1.2077491171688278e-40
4.294288093933006e-41
9.651395867587382e-42
5.212708374228675e-43
5.1270882886649205e-43
1.986131806306326e-42
2.4948305455481672e-42
2.0394662256829654e-42
1.2467307971674549e-42
5.787130488330079e-43
1.8813364489326396e-43
3.0178611123030036e-44
4.963616980227956e-47
1.2798442660468246e-44
2.5089743185851e-44
2.567013547036737e-44
1.8373865251385973e-44
9.728670432863707e-45
3.59944545226867e-45
6.944389951752264e-46
1.2040711693989802e-48
2.230408290980815e-46
5.1200434558718695e-46
5.671788230455907e-46
4.2692903483473935e-46
2.316678339000675e-46
8.403436792973292e-47
1.3574456795699788e-47
2.94436906854704e-49
1.0617329121524449e-47
2.0515646460352918e-47
2.1399079280461745e-47
1.5318297903851023e-47
7.662839711036784e-48
2.2887779173114196e-48
1.5028191085837202e-49
2.1378527967485956e-49
9.604531281601456e-49
1.3882817752109993e-48
1.2483400948308342e-48
7.771086577031155e-49
3.1304879822671267e-49
5.239366046973782e-50
2.760851610856608e-51
6.280595616530074e-50
1.2512003354703071e-49
1.36017513317629e-49
9.950028900783792e-50
4.82047613404887e-50
1.1614813481637506e-50
8.782159670345977e-54
6.161410540774539e-51
1.6345316957302775e-50
2.063533293805003e-50
1.6997376019074985e-50
9.296838570480881e-51
2.696185947323141e-51
4.565616052622891e-53
9.634106416847825e-52
3.158971101646409e-51
4.436554133889247e-51
3.9712829773973775e-51
2.3492948660442493e-51
7.48866444057484e-52
2.0439128919495865e-53
2.4667332387153487e-52
9.043208555439033e-52
1.356218388200642e-51
1.2811687742392288e-51
7.941750063397026e-52
2.62405638529591e-52
6.52555401490041e-54
1.013430650787158e-52
3.786476340559914e-52
5.866119655937843e-52
5.718558834859514e-52
3.62876934480495e-52
1.1906246974731738e-52
1.6142249800977728e-54
6.341471592490192e-53
2.2750100915386767e-52
3.56140610021848e-52
3.529458589035679e-52
2.2565826087539018e-52
7.1193936443853365e-53
1.4667172597766103e-55
5.717553540564002e-53
1.9243442197204458e-52
3.0118222297793728e-52
3.0118222297793728e-52
1.9243442197204458e-52
5.717553540564002e-53
1.4667172597766103e-55
7.1193936443853365e-53
2.2565826087539018e-52
3.529458589035679e-52
3.56140610021848e-52
2.2750100915386767e-52
6.341471592490192e-53
1.6142249800977728e-54
1.1906246974731738e-52
3.62876934480495e-52
5.718558834859514e-52
5.866119655937843e-52
3.786476340559914e-52
1.013430650787158e-52
6.52555401490041e-54
2.62405638529591e-52
7.941750063397026e-52
1.2811687742392288e-51
1.356218388200642e-51
9.043208555439033e-52
2.4667332387153487e-52
2.0439128919495865e-53
7.48866444057484e-52
2.3492948660442493e-51
3.9712829773973775e-51
4.436554133889247e-51
3.158971101646409e-51
9.634106416847825e-52
4.565616052622891e-53
2.696185947323141e-51
9.296838570480881e-51
1.6997376019074985e-50
2.063533293805003e-50
1.6345316957302775e-50
6.161410540774539e-51
8.782159670345977e-54
1.1614813481637506e-50
4.82047613404887e-50
9.950028900783792e-50
1.36017513317629e-49
1.2512003354703071e-49
6.280595616530074e-50
2.760851610856608e-51
5.239366046973782e-50
3.1304879822671267e-49
7.771086577031155e-49
1.2483400948308342e-48
1.3882817752109993e-48
9.604531281601456e-49
2.1378527967485956e-49
1.5028191085837202e-49
2.2887779173114196e-48
7.662839711036784e-48
1.5318297903851023e-47
2.1399079280461745e-47
2.0515646460352918e-47
1.0617329121524449e-47
2.94436906854704e-49
1.3574456795699788e-47
8.403436792973292e-47
2.316678339000675e-46
4.2692903483473935e-46
5.671788230455907e-46
5.1200434558718695e-46
2.230408290980815e-46
1.2040711693989802e-48
6.944389951752264e-46
3.59944545226867e-45
9.728670432863707e-45
1.8373865251385973e-44
2.567013547036737e-44
2.5089743185851e-44
1.2798442660468246e-44
4.963616980227956e-47
3.0178611123030036e-44
1.8813364489326396e-43
5.787130488330079e-43
1.2467307971674549e-42
2.0394662256829654e-42
2.4948305455481672e-42
1.986131806306326e-42
5.1270882886649205e-43
5.212708374228675e-43
9.651395867587382e-42
4.294288093933006e-41
1.2077491171688278e-40
2.5674169826225826e-40
4.313465677416571e-40
5.5989882406356406e-40
4.9619315434787685e-40
1.7404390580840877e-40
6.364587773393992e-41
2.1465939147490542e-39
1.144202688196192e-38
3.7495114020228897e-38
9.391505923186853e-38
1.921677006370304e-37
3.2493014057889317e-37
4.3929920463468165e-37
4.222814797599672e-37
1.8101436354518093e-37
2.7597482712575244e-38
1.7973360174289194e-36
1.1410761332206649e-35
4.374001222039606e-35
1.300911699540145e-34
3.2614125592574864e-34
7.117814408426888e-34
1.3622582248615338e-33
2.2555775967353267e-33
3.088426875102928e-33
3.090166098399174e-33
1.4134084650593282e-33
2.325067602470473e-34
1.6997348698063464e-32
1.2332073040471672e-31
5.545281049843692e-31
1.9949171494005152e-30
6.278859349932716e-30
1.8037705146982185e-29
4.842777935391236e-29
1.2330955951128208e-28
3.007147894391333e-28
7.072736874744429e-28
1.6125923236174268e-27
3.578246524130918e-27
7.751109237355102e-27
1.6431701205743897e-26
3.415934059974897e-26
6.975589442121331e-26
1.4012616627877644e-25
2.7724081228573017e-25
5.4082343881805625e-25
1.0411581360993709e-24
1.9796805576816513e-24
3.720533036306298e-24
6.915564422470824e-24
1.2720811113329425e-23
2.3168322592785982e-23
4.179977031682104e-23
7.473798578375844e-23
1.3248595249792544e-22
2.3292602082683094e-22
4.0628646753017867e-22
7.033125627469401e-22
1.2086256155731068e-21
2.062431877528639e-21
3.495593914724015e-21
5.885968621061332e-21
9.848411048235018e-21
1.6377796670559828e-20
2.7075120087543396e-20
4.450313386308966e-20
7.274301950802423e-20
1.1826159845992709e-19
1.9125608771679532e-19
3.0773000435522156e-19
4.926837281924055e-19
7.84997328233764e-19
1.2448721478586487e-18
1.9651260024137415e-18
3.088269668102176e-18
4.8322238700550155e-18
7.528902385412086e-18
1.1681884297183285e-17
1.8052308453004808e-17
2.778634880385929e-17
4.260374552771681e-17
6.507569163392562e-17
9.903306821198581e-17
1.5016422429281202e-16
2.268875231134316e-16
3.4162097913792466e-16
5.126240527072157e-16
7.666614342856991e-16
1.1428443419248025e-15
1.698153863114813e-15
2.5153603909954484e-15
3.714347041244528e-15
5.468255968211523e-15
8.026450025479401e-15
1.1747080500072961e-14
1.7143160073283928e-14
2.4947575543355535e-14
3.6204596656968965e-14
5.2398362852638846e-14
7.563285404500792e-14
1.088833751684571e-13
1.5634714893519843e-13
2.2393094900055522e-13
3.1992780287133204e-13
4.559539772649112e-13
6.482435094182434e-13
9.194328525543518e-13
1.3010159537051204e-12
1.8367145369728436e-12
2.5870951999157914e-12
3.6358816914081495e-12
5.098567442947077e-12
7.134143344480001e-12
9.961036445705462e-12
1.3878729904192983e-11
1.92970336462938e-11
2.677563906118616e-11
3.70774724306103e-11
5.124052998009625e-11
7.067442312914859e-11
9.728990430138966e-11
1.336723363125162e-10
1.8331361359797222e-10
2.509217038457917e-10
3.4283309497584367e-10
4.675614472447827e-10
6.365262366110354e-10
8.650188745920814e-10
1.1734816590507858e-9
1.589198184419007e-9
2.1485241090918784e-9
2.89982648743108e-9
3.907350850946928e-9
5.256301237157591e-9
7.059503731155273e-9
9.46613432478836e-9
1.2673134064412285e-8
1.694011754873209e-8
2.260881631921465e-8
3.0128401148335363e-8
4.008841522131941e-8
5.326154726754794e-8
7.065910967725853e-8
9.360289933611072e-8
1.2381815613268296e-7
1.6355365623853637e-7
2.1573666053722912e-7
2.841725790401029e-7
3.73801930694907e-7
4.910306267262745e-7
6.441539755404259e-7
8.439003379177747e-7
1.1041273530424696e-6
1.4427124848765585e-6
1.882690774694712e-6
2.453706716667867e-6
3.1938648322692027e-6
4.1520857198053005e-6
5.391102235569359e-6
6.991265438727977e-6
9.05537376257457e-6
0.000011714793744684942
0.000015137209267209155
0.000019536421983221157
0.000025184732591508332
0.000032428566009789096
0.000041708169634769686
0.000053582420604249715
0.00006876003495666948
0.00008813879072454242
0.00011285477295686683
0.0001443441394661464
0.00018442051388359816
0.0002353718645662076
0.00030008165737245937
0.00038218021816520484
0.0004862336571299861
0.0006179794528021947
0.000784619943859976
0.0009951876225850536
0.001260999376848354
0.001596220823386266
0.002018566779472148
0.0025501699342609287
0.0032186571500280063
0.00405848184487321
0.005112571943603087
0.006434366370885881
0.008090329531911708
0.010163053324534205
0.012755080732535739
0.01599361490481339
0.02003631396907872
0.025078416036802154
0.03136149258874655
0.03918419368941793
0.0489154276763544
0.061010514010962365
0.07603096435649077
0.0946686878678863
0.1177755871866994
0.14639971779413322
0.1818294324604229
0.2256472332601945
0.27979541645086564
0.3466560329464982
0.4291482141340947
0.5308465472751348
0.656124948104303
0.8103313960256644