1.
0.8465594583709256
0.7164031927034215
0.6060373952446289
0.5124865547545855
0.4332174539697991
0.36607418179954687
0.3092225828635234
0.2611027901547072
0.22038867859674152
0.1859532423655716
0.1568390407787082
0.13223297953274454
0.11144479886176137
0.09388873018721311
0.07906786009644966
0.06656080680089455
0.056010371119395455
0.04711387282875385
0.039614925060268015
0.03329643527861887
0.027974652101577326
0.02349410353216592
0.019723294703976758
0.01655105252278223
0.013883421085452829
0.011641025867655183
0.009756836736054509
0.008174270151845152
0.006845579741994308
0.0057304919385623215
0.004795049810144072
0.004010633691776829
0.0033531318968330294
0.0028022387832411662
0.00234086084690811
0.0019546144131447805
0.0016314009655916818
0.0013610482543931993
0.0011350071149012597
0.0009460954509444288
0.0007882821319568183
0.0006565046545905377
0.000546515355513079
0.00045475175740665116
0.0003782273056460031
0.00031443932657454954
0.00026129152494341803
0.00021702875090053912
0.0001801821169776469
0.00014952284224618777
0.0001240234522253908
0.00010282517606105588
0.00008521056276807866
0.00007058049089130163
0.0000584348749957051
0.00004835648152508131
0.00003999735880753114
0.00003306746391799284
0.000027325134924477414
0.00002256911260605417
0.000018631862615134523
0.00001537398860261959
0.000012679560166526178
0.000010452207584098601
8.611858958367425e-6
7.092015341972262e-6
5.8374761772017445e-6
4.802441505112853e-6
3.948929265558171e-6
3.2454559866667275e-6
2.665937544766643e-6
2.188773715542918e-6
1.796086146806102e-6
1.4730843418352028e-6
1.207538401011718e-6
9.8934075581428e-7
8.10142050577848e-7
6.630487741850922e-7
5.4237229219956e-7
4.434206439527582e-7
3.623259026640847e-7
2.959010951248423e-7
2.415216789033868e-7
1.9702741142242355e-7
1.606411434853111e-7
1.3090165243122373e-7
1.0660811599140597e-7
8.677423295779271e-8
7.059033425048877e-8
5.7392109014338495e-8
4.6634804307947375e-8
3.7871951571501776e-8
3.073783489749494e-8
2.49330506363359e-8
2.02126196056491e-8
1.637620594570771e-8
1.3260073652868898e-8
1.073047568077052e-8
8.678223437806095e-9
7.014228373299248e-9
5.6658436704873404e-9
4.573864131564118e-9
3.690067213750071e-9
2.9751987417596894e-9
2.3973238179066406e-9
1.9304774887503087e-9
1.5535613152523614e-9
1.249441554128271e-9
1.0042125418108517e-9
8.065953697556153e-10
6.474472915539807e-10
5.193617080026685e-10
4.16342201108047e-10
3.335370686938993e-10
2.670232609018671e-10
2.1363063189450526e-10
1.7079907171303331e-10
1.3646243826855547e-10
1.0895432047741101e-10
8.693157398935386e-11
6.931231657775544e-11
5.5225680538340407e-11
4.3971118645651695e-11
3.498546831516385e-11
2.7816312038090793e-11
2.2100444395370242e-11
1.754647810668613e-11
1.3920802734003006e-11
1.1036257306857123e-11
8.742998393851173e-12
6.921143031072113e-12
5.474845544567556e-12
4.327532035476192e-12
3.418068885375669e-12
2.6976843359858818e-12
2.1274968398219398e-12
1.6765319676104182e-12
1.320132418902295e-12
1.0386841129369462e-12
8.165962511968304e-13
6.414853039518599e-13
5.035226197710871e-13
3.949132281349726e-13
3.0947975744622547e-13
2.423305135008958e-13
1.8959489190360491e-13
1.482126226606057e-13
1.1576602081872196e-13
9.034656873598761e-14
7.044888471872403e-14
5.488652132348464e-14
4.2725150873918356e-14
3.322958921785445e-14
2.5821824664566902e-14
2.0047792256609596e-14
1.555109214508889e-14
1.2052217486475601e-14
9.332150182028803e-15
7.219416591551867e-15
5.5798818493357325e-15
4.308710050904068e-15
3.3240359558098006e-15
2.5619880518594114e-15
1.972777727864239e-15
1.5176288112458332e-15
1.1663689686123979e-15
8.955419401415104e-16
6.869292780357826e-16
5.2639377851005205e-16
4.029754062886891e-16
3.081852229949799e-16
2.354544523865186e-16
1.7970498764333672e-16
1.3701487884264808e-16
1.0435803745826009e-16
7.940188072044353e-17
6.035016692600294e-17
4.582104531257922e-17
3.47525208307172e-17
2.632924155781138e-17
1.9925854567390854e-17
1.5063223729099843e-17
1.1374622439756472e-17
8.579654755390862e-18
6.464158459170127e-18
4.864733670298122e-18
3.656844578136101e-18
2.7456785464510063e-18
2.0591309039328298e-18
1.5424267646733463e-18
1.1540022480392214e-18
8.623535655749836e-19
6.436291427638201e-19
4.797915635694189e-19
3.5721603417112765e-19
2.6562288442675056e-19
1.9726540530392066e-19
1.4631264759064342e-19
1.0838091690166727e-19
8.017855117938312e-20
5.923690304650571e-20
4.370684642645815e-20
3.2205030454909846e-20
2.3697858339448927e-20
1.7414040472977874e-20
1.2778764932848915e-20
9.364202575869494e-21
6.852339928055851e-21
5.007104496304467e-21
3.653485819547549e-21
2.66191662093552e-21
1.936604029783478e-21
1.4068233150456602e-21
1.0204306030207063e-21
7.390354932347495e-22
5.344137146958877e-22
3.8584493037029e-22
2.781398313680918e-22
2.0018009370504145e-22
1.4383940316996473e-22
1.0318722855238131e-22
7.390209625275044e-23
5.2839873665251787e-23
3.7716577850339834e-23
2.6875676147401773e-23
1.91176298302469e-23
1.3575222502282212e-23
9.62251623260345e-24
6.808468886609604e-24
4.8086091514912034e-24
3.389913401421128e-24
2.385319134112756e-24
1.6752613384408888e-24
1.1743187774670674e-24
8.215722029192252e-25
5.73654528594241e-25
3.9974999675534807e-25
2.7800203776880077e-25
1.9293756008322968e-25
1.3362336376931529e-25
9.234896758200176e-26
6.368726536849533e-26
4.3825877460808273e-26
3.0092086421083515e-26
2.0615955977242504e-26
1.4091901893870934e-26
9.610273841894021e-27
6.538627370733912e-27
4.438194324534994e-27
3.005236964222648e-27
2.029958367032644e-27
1.3677740949771956e-27
9.19269347847642e-28
6.162460451765109e-28
4.120308346275056e-28
2.7475788531471724e-28
1.8272398078893738e-28
1.211840027548969e-28
8.014531884494261e-29
5.285331262529259e-29
3.47539981366748e-29
2.278517658251001e-29
1.4893296262847488e-29
9.704986782533164e-30
6.304327103588266e-30
4.082208929253274e-30
2.634731952631881e-30
1.694858027457775e-30
1.0865650088014673e-30
6.9418023109785846e-31
4.419267260754762e-31
2.803211100728204e-31
1.7715500716366075e-31
1.1153372259973453e-31
6.994803474293525e-32
4.3693925188392695e-32
2.718320319616366e-32
1.6841083517804925e-32
1.038921907964559e-32
6.381027130976579e-33
3.9015927025803725e-33
2.374559561888297e-33
1.4383256727158141e-33
8.669708378062129e-34
5.199498581955111e-34
3.1021374143431604e-34
1.8409075125488007e-34
1.086422038521753e-34
6.374999800500911e-35
3.718696283204477e-35
2.155946934201803e-35
1.2420053543864497e-35
7.10788995129827e-36
4.039942752946406e-36
2.2798335165567565e-36
1.2769974727842794e-36
7.097240768639431e-37
3.9123853254605025e-37
2.138309870503875e-37
1.158198286989338e-37
6.213893818532613e-38
3.300458145940695e-38
1.7343872190332873e-38
9.011080116228799e-39
4.62511710127871e-39
2.343093279993731e-39
1.1703652562513729e-39
5.756853838944498e-40
2.7845196237741403e-40
1.322087874123008e-40
6.148849166549588e-41
2.7938774329442804e-41
1.2360920474205974e-41
5.3019696787694275e-42
2.1919597980225314e-42
8.663603491652077e-43
3.234770137001976e-43
1.1197853704967515e-43
3.480406438383798e-44
9.119907897268305e-45
1.7259993181824967e-45
1.2596059271432727e-46
1.9864985211189982e-47
1.2969316543361591e-46
1.7828661864488415e-46
1.6161191410568494e-46
1.1870687672837292e-46
7.603482915503e-47
4.386576539205904e-47
2.312244892286372e-47
1.117832430232606e-47
4.932203944215484e-48
1.9562367273601433e-48
6.751070286772597e-49
1.8874612202371823e-49
3.523556605222828e-50
1.649323785457978e-51
1.5082879513395468e-51
5.563337091508457e-51
7.029432756441258e-51
6.151615700555788e-51
4.3718469677765804e-51
2.6729270466851013e-51
1.4363302189188156e-51
6.791672852486005e-52
2.775745410907409e-52
9.338749496786407e-53
2.2776171660268125e-53
2.508046336831888e-54
9.955489381433367e-56
1.6806951904672037e-54
2.7742184629934476e-54
2.7554100875978215e-54
2.1071943755898914e-54
1.34099624788879e-54
7.280245244669315e-55
3.3552851659783634e-55
1.2636690362054366e-55
3.487680122738973e-56
4.7901122417292925e-57
2.888836482125282e-59
2.1829311012172976e-57
4.129186330497838e-57
4.376430592856364e-57
3.471016015190306e-57
2.241375982243697e-57
1.204580487583375e-57
5.2966828480509986e-58
1.7719541846789395e-58
3.558099286264765e-59
8.182555715336683e-61
4.783772610785224e-60
1.3950689940579206e-59
1.7446141292090363e-59
1.5259308556500027e-59
1.05262355129345e-59
5.908246907372297e-60
2.648598765689589e-60
8.67289285123663e-61
1.5020054056766461e-61
2.678067469464551e-65
5.300846814552659e-62
1.1941415864646106e-61
1.3850323645577107e-61
1.1584786465026202e-61
7.630644831263184e-62
4.001356769711735e-62
1.586202134104527e-62
3.92258350323441e-63
2.0232786030182013e-64
3.4262842715991576e-64
1.3720801600559986e-63
1.9434948842175552e-63
1.8338553941706537e-63
1.3214775195053827e-63
7.469727758082973e-64
3.172359339309799e-64
8.457348689447168e-65
5.258438298892616e-66
6.675266857503182e-66
3.005481094542874e-65
4.469792906365374e-65
4.353661170098308e-65
3.1981009766491803e-65
1.8134170883587448e-65
7.493794171922849e-66
1.7736596769908014e-66
3.5988982733691073e-68
3.8577626892672704e-67
1.2029368063872854e-66
1.6328146474913438e-66
1.5135745203423584e-66
1.0601974524130482e-66
5.602881432850971e-67
2.00882028824538e-67
3.0404409289547646e-68
1.9453075502702143e-69
3.761498720189363e-68
7.543061297611977e-68
8.695964375497387e-68
7.227416974181131e-68
4.528234594787887e-68
2.0313124778584995e-68
5.093443792760571e-69
8.466001175857778e-71
1.437977591893351e-69
4.559675626337922e-69
6.417214409834322e-69
6.130308451460985e-69
4.351902145685728e-69
2.2498140457777174e-69
7.158256389672499e-70
5.324090166724038e-71
7.324328253572677e-71
3.7938614658287206e-70
6.303975446338604e-70
6.702163020612214e-70
5.2050431005261835e-70
2.950383029789366e-70
1.0661535044294699e-70
1.2107239712058807e-71
5.793576080458278e-72
4.507988540310136e-71
8.404714432471458e-71
9.610933420886691e-71
7.919336647981268e-71
4.743746463885193e-71
1.822219199554329e-71
2.3392995772225743e-72
8.460290957991442e-73
7.759059434416225e-72
1.5279317417839984e-71
1.817113476800252e-71
1.5458632025983333e-71
9.492767441161731e-72
3.686800157645406e-72
4.445396803462232e-73
2.3429738326596853e-73
1.9124266663499438e-72
3.761149456484034e-72
4.5158297456362164e-72
3.873446444313524e-72
2.374597496977395e-72
8.909971873487955e-73
8.254683633763102e-74
1.0570922906166745e-73
6.556542770561753e-73
1.236254988038833e-72
1.4638592779522484e-72
1.2410354512973988e-72
7.413500042675965e-73
2.560592567320857e-73
1.2697271486172464e-74
6.590174103063551e-74
3.0232902169771636e-73
5.339433955016683e-73
6.132632097053179e-73
5.0553790574749936e-73
2.874682554015093e-73
8.609095491714475e-74
6.083075860618137e-76
5.18434571721913e-74
1.8220685132886197e-73
2.98648908055351e-73
3.291787830220417e-73
2.6033361364384365e-73
1.3755732668159728e-73
3.2775867023239515e-74
7.741149537472713e-76
4.969784964295689e-74
1.4065058189217091e-73
2.1392092261845423e-73
2.2489687545175168e-73
1.6873502629525447e-73
8.065620979674129e-74
1.3224606242995632e-74
4.794121592985501e-75
5.755261968682305e-74
1.3736796836372506e-73
1.9483120676309604e-73
1.9483120676309604e-73
1.3736796836372506e-73
5.755261968682305e-74
4.794121592985501e-75
1.3224606242995632e-74
8.065620979674129e-74
1.6873502629525447e-73
2.2489687545175168e-73
2.1392092261845423e-73
1.4065058189217091e-73
4.969784964295689e-74
7.741149537472713e-76
3.2775867023239515e-74
1.3755732668159728e-73
2.6033361364384365e-73
3.291787830220417e-73
2.98648908055351e-73
1.8220685132886197e-73
5.18434571721913e-74
6.083075860618137e-76
8.609095491714475e-74
2.874682554015093e-73
5.0553790574749936e-73
6.132632097053179e-73
5.339433955016683e-73
3.0232902169771636e-73
6.590174103063551e-74
1.2697271486172464e-74
2.560592567320857e-73
7.413500042675965e-73
1.2410354512973988e-72
1.4638592779522484e-72
1.236254988038833e-72
6.556542770561753e-73
1.0570922906166745e-73
8.254683633763102e-74
8.909971873487955e-73
2.374597496977395e-72
3.873446444313524e-72
4.5158297456362164e-72
3.761149456484034e-72
1.9124266663499438e-72
2.3429738326596853e-73
4.445396803462232e-73
3.686800157645406e-72
9.492767441161731e-72
1.5458632025983333e-71
1.817113476800252e-71
1.5279317417839984e-71
7.759059434416225e-72
8.460290957991442e-73
2.3392995772225743e-72
1.822219199554329e-71
4.743746463885193e-71
7.919336647981268e-71
9.610933420886691e-71
8.404714432471458e-71
4.507988540310136e-71
5.793576080458278e-72
1.2107239712058807e-71
1.0661535044294699e-70
2.950383029789366e-70
5.2050431005261835e-70
6.702163020612214e-70
6.303975446338604e-70
3.7938614658287206e-70
7.324328253572677e-71
5.324090166724038e-71
7.158256389672499e-70
2.2498140457777174e-69
4.351902145685728e-69
6.130308451460985e-69
6.417214409834322e-69
4.559675626337922e-69
1.437977591893351e-69
8.466001175857778e-71
5.093443792760571e-69
2.0313124778584995e-68
4.528234594787887e-68
7.227416974181131e-68
8.695964375497387e-68
7.543061297611977e-68
3.761498720189363e-68
1.9453075502702143e-69
3.0404409289547646e-68
2.00882028824538e-67
5.602881432850971e-67
1.0601974524130482e-66
1.5135745203423584e-66
1.6328146474913438e-66
1.2029368063872854e-66
3.8577626892672704e-67
3.5988982733691073e-68
1.7736596769908014e-66
7.493794171922849e-66
1.8134170883587448e-65
3.1981009766491803e-65
4.353661170098308e-65
4.469792906365374e-65
3.005481094542874e-65
6.675266857503182e-66
5.258438298892616e-66
8.457348689447168e-65
3.172359339309799e-64
7.469727758082973e-64
1.3214775195053827e-63
1.8338553941706537e-63
1.9434948842175552e-63
1.3720801600559986e-63
3.4262842715991576e-64
2.0232786030182013e-64
3.92258350323441e-63
1.586202134104527e-62
4.001356769711735e-62
7.630644831263184e-62
1.1584786465026202e-61
1.3850323645577107e-61
1.1941415864646106e-61
5.300846814552659e-62
2.678067469464551e-65
1.5020054056766461e-61
8.67289285123663e-61
2.648598765689589e-60
5.908246907372297e-60
1.05262355129345e-59
1.5259308556500027e-59
1.7446141292090363e-59
1.3950689940579206e-59
4.783772610785224e-60
8.182555715336683e-61
3.558099286264765e-59
1.7719541846789395e-58
5.2966828480509986e-58
1.204580487583375e-57
2.241375982243697e-57
3.471016015190306e-57
4.376430592856364e-57
4.129186330497838e-57
2.1829311012172976e-57
2.888836482125282e-59
4.7901122417292925e-57
3.487680122738973e-56
1.2636690362054366e-55
3.3552851659783634e-55
7.280245244669315e-55
1.34099624788879e-54
2.1071943755898914e-54
2.7554100875978215e-54
2.7742184629934476e-54
1.6806951904672037e-54
9.955489381433367e-56
2.508046336831888e-54
2.2776171660268125e-53
9.338749496786407e-53
2.775745410907409e-52
6.791672852486005e-52
1.4363302189188156e-51
2.6729270466851013e-51
4.3718469677765804e-51
6.151615700555788e-51
7.029432756441258e-51
5.563337091508457e-51
1.5082879513395468e-51
1.649323785457978e-51
3.523556605222828e-50
1.8874612202371823e-49
6.751070286772597e-49
1.9562367273601433e-48
4.932203944215484e-48
1.117832430232606e-47
2.312244892286372e-47
4.386576539205904e-47
7.603482915503e-47
1.1870687672837292e-46
1.6161191410568494e-46
1.7828661864488415e-46
1.2969316543361591e-46
1.9864985211189982e-47
1.2596059271432727e-46
1.7259993181824967e-45
9.119907897268305e-45
3.480406438383798e-44
1.1197853704967515e-43
3.234770137001976e-43
8.663603491652077e-43
2.1919597980225314e-42
5.3019696787694275e-42
1.2360920474205974e-41
2.7938774329442804e-41
6.148849166549588e-41
1.322087874123008e-40
2.7845196237741403e-40
5.756853838944498e-40
1.1703652562513729e-39
2.343093279993731e-39
4.62511710127871e-39
9.011080116228799e-39
1.7343872190332873e-38
3.300458145940695e-38
6.213893818532613e-38
1.158198286989338e-37
2.138309870503875e-37
3.9123853254605025e-37
7.097240768639431e-37
1.2769974727842794e-36
2.2798335165567565e-36
4.039942752946406e-36
7.10788995129827e-36
1.2420053543864497e-35
2.155946934201803e-35
3.718696283204477e-35
6.374999800500911e-35
1.086422038521753e-34
1.8409075125488007e-34
3.1021374143431604e-34
5.199498581955111e-34
8.669708378062129e-34
1.4383256727158141e-33
2.374559561888297e-33
3.9015927025803725e-33
6.381027130976579e-33
1.038921907964559e-32
1.6841083517804925e-32
2.718320319616366e-32
4.3693925188392695e-32
6.994803474293525e-32
1.1153372259973453e-31
1.7715500716366075e-31
2.803211100728204e-31
4.419267260754762e-31
6.9418023109785846e-31
1.0865650088014673e-30
1.694858027457775e-30
2.634731952631881e-30
4.082208929253274e-30
6.304327103588266e-30
9.704986782533164e-30
1.4893296262847488e-29
2.278517658251001e-29
3.47539981366748e-29
5.285331262529259e-29
8.014531884494261e-29
1.211840027548969e-28
1.8272398078893738e-28
2.7475788531471724e-28
4.120308346275056e-28
6.162460451765109e-28
9.19269347847642e-28
1.3677740949771956e-27
2.029958367032644e-27
3.005236964222648e-27
4.438194324534994e-27
6.538627370733912e-27
9.610273841894021e-27
1.4091901893870934e-26
2.0615955977242504e-26
3.0092086421083515e-26
4.3825877460808273e-26
6.368726536849533e-26
9.234896758200176e-26
1.3362336376931529e-25
1.9293756008322968e-25
2.7800203776880077e-25
3.9974999675534807e-25
5.73654528594241e-25
8.215722029192252e-25
1.1743187774670674e-24
1.6752613384408888e-24
2.385319134112756e-24
3.389913401421128e-24
4.8086091514912034e-24
6.808468886609604e-24
9.62251623260345e-24
1.3575222502282212e-23
1.91176298302469e-23
2.6875676147401773e-23
3.7716577850339834e-23
5.2839873665251787e-23
7.390209625275044e-23
1.0318722855238131e-22
1.4383940316996473e-22
2.0018009370504145e-22
2.781398313680918e-22
3.8584493037029e-22
5.344137146958877e-22
7.390354932347495e-22
1.0204306030207063e-21
1.4068233150456602e-21
1.936604029783478e-21
2.66191662093552e-21
3.653485819547549e-21
5.007104496304467e-21
6.852339928055851e-21
9.364202575869494e-21
1.2778764932848915e-20
1.7414040472977874e-20
2.3697858339448927e-20
3.2205030454909846e-20
4.370684642645815e-20
5.923690304650571e-20
8.017855117938312e-20
1.0838091690166727e-19
1.4631264759064342e-19
1.9726540530392066e-19
2.6562288442675056e-19
3.5721603417112765e-19
4.797915635694189e-19
6.436291427638201e-19
8.623535655749836e-19
1.1540022480392214e-18
1.5424267646733463e-18
2.0591309039328298e-18
2.7456785464510063e-18
3.656844578136101e-18
4.864733670298122e-18
6.464158459170127e-18
8.579654755390862e-18
1.1374622439756472e-17
1.5063223729099843e-17
1.9925854567390854e-17
2.632924155781138e-17
3.47525208307172e-17
4.582104531257922e-17
6.035016692600294e-17
7.940188072044353e-17
1.0435803745826009e-16
1.3701487884264808e-16
1.7970498764333672e-16
2.354544523865186e-16
3.081852229949799e-16
4.029754062886891e-16
5.2639377851005205e-16
6.869292780357826e-16
8.955419401415104e-16
1.1663689686123979e-15
1.5176288112458332e-15
1.972777727864239e-15
2.5619880518594114e-15
3.3240359558098006e-15
4.308710050904068e-15
5.5798818493357325e-15
7.219416591551867e-15
9.332150182028803e-15
1.2052217486475601e-14
1.555109214508889e-14
2.0047792256609596e-14
2.5821824664566902e-14
3.322958921785445e-14
4.2725150873918356e-14
5.488652132348464e-14
7.044888471872403e-14
9.034656873598761e-14
1.1576602081872196e-13
1.482126226606057e-13
1.8959489190360491e-13
2.423305135008958e-13
3.0947975744622547e-13
3.949132281349726e-13
5.035226197710871e-13
6.414853039518599e-13
8.165962511968304e-13
1.0386841129369462e-12
1.320132418902295e-12
1.6765319676104182e-12
2.1274968398219398e-12
2.6976843359858818e-12
3.418068885375669e-12
4.327532035476192e-12
5.474845544567556e-12
6.921143031072113e-12
8.742998393851173e-12
1.1036257306857123e-11
1.3920802734003006e-11
1.754647810668613e-11
2.2100444395370242e-11
2.7816312038090793e-11
3.498546831516385e-11
4.3971118645651695e-11
5.5225680538340407e-11
6.931231657775544e-11
8.693157398935386e-11
1.0895432047741101e-10
1.3646243826855547e-10
1.7079907171303331e-10
2.1363063189450526e-10
2.670232609018671e-10
3.335370686938993e-10
4.16342201108047e-10
5.193617080026685e-10
6.474472915539807e-10
8.065953697556153e-10
1.0042125418108517e-9
1.249441554128271e-9
1.5535613152523614e-9
1.9304774887503087e-9
2.3973238179066406e-9
2.9751987417596894e-9
3.690067213750071e-9
4.573864131564118e-9
5.6658436704873404e-9
7.014228373299248e-9
8.678223437806095e-9
1.073047568077052e-8
1.3260073652868898e-8
1.637620594570771e-8
2.02126196056491e-8
2.49330506363359e-8
3.073783489749494e-8
3.7871951571501776e-8
4.6634804307947375e-8
5.7392109014338495e-8
7.059033425048877e-8
8.677423295779271e-8
1.0660811599140597e-7
1.3090165243122373e-7
1.606411434853111e-7
1.9702741142242355e-7
2.415216789033868e-7
2.959010951248423e-7
3.623259026640847e-7
4.434206439527582e-7
5.4237229219956e-7
6.630487741850922e-7
8.10142050577848e-7
9.8934075581428e-7
1.207538401011718e-6
1.4730843418352028e-6
1.796086146806102e-6
2.188773715542918e-6
2.665937544766643e-6
3.2454559866667275e-6
3.948929265558171e-6
4.802441505112853e-6
5.8374761772017445e-6
7.092015341972262e-6
8.611858958367425e-6
0.000010452207584098601
0.000012679560166526178
0.00001537398860261959
0.000018631862615134523
0.00002256911260605417
0.000027325134924477414
0.00003306746391799284
0.00003999735880753114
0.00004835648152508131
0.0000584348749957051
0.00007058049089130163
0.00008521056276807866
0.00010282517606105588
0.0001240234522253908
0.00014952284224618777
0.0001801821169776469
0.00021702875090053912
0.00026129152494341803
0.00031443932657454954
0.0003782273056460031
0.00045475175740665116
0.000546515355513079
0.0006565046545905377
0.0007882821319568183
0.0009460954509444288
0.0011350071149012597
0.0013610482543931993
0.0016314009655916818
0.0019546144131447805
0.00234086084690811
0.0028022387832411662
0.0033531318968330294
0.004010633691776829
0.004795049810144072
0.0057304919385623215
0.006845579741994308
0.008174270151845152
0.009756836736054509
0.011641025867655183
0.013883421085452829
0.01655105252278223
0.019723294703976758
0.02349410353216592
0.027974652101577326
0.03329643527861887
0.039614925060268015
0.04711387282875385
0.056010371119395455
0.06656080680089455
0.07906786009644966
0.09388873018721311
0.11144479886176137
0.13223297953274454
0.1568390407787082
0.1859532423655716
0.22038867859674152
0.2611027901547072
0.3092225828635234
0.36607418179954687
0.4332174539697991
0.5124865547545855
0.6060373952446289
0.7164031927034215
0.8465594583709256