1.
0.5189572368372927
0.26881801933329086
0.1389872456809072
0.07172585905384286
0.03694496090527826
0.018993615622062088
0.009746020673484472
0.004991240094648968
0.002551203915622079
0.0013014620815914556
0.0006626153374073154
0.0003366890370938005
0.00017073707054975228
0.00008640756939912343
0.00004364098460221326
0.00002199630205327692
0.000011063962742574756
5.553554760177605e-6
2.7817883227904443e-6
1.390474486294929e-6
6.935552443947853e-7
3.452003786606498e-7
1.7144570869007595e-7
8.496499134056292e-8
4.201498885851758e-8
2.073060711490865e-8
1.0206008329152655e-8
5.013354774887252e-9
2.457095136625486e-9
1.2015139063734503e-9
5.861936393389747e-10
2.8533229909418775e-10
1.3856394966645648e-10
6.713220172965952e-11
3.244774813051129e-11
1.5645983316860975e-11
7.526226152445422e-12
3.611595564341368e-12
1.7288591748808643e-12
8.25562337074517e-13
3.932428342968488e-13
1.8684576834189871e-13
8.85539395833656e-14
4.1862504037053827e-14
1.9739020074258764e-14
9.28323339368249e-15
4.3544801253436614e-15
2.037166978215705e-15
9.505171578528865e-16
4.423091162898551e-16
2.0526449023019174e-16
9.499767937215599e-17
4.3844230969412644e-17
2.0179066636075214e-17
9.261205637912696e-18
4.238383987269073e-18
1.9341389793166905e-18
8.80071059450167e-19
3.992807357889236e-19
1.8061640103643545e-19
8.14594838435114e-20
3.662848627728062e-20
1.6420111703793092e-20
7.338373165315085e-21
3.269463622711064e-21
1.4520864980230476e-21
6.428855904939225e-22
2.8371730099916016e-22
1.248056626939252e-22
5.472228676672151e-23
2.3914455637168342e-23
1.0416159258855085e-23
4.5215755918157345e-24
1.956099545008297e-24
8.433243630451861e-25
3.62313155659453e-25
1.5511085455746697e-25
6.616851832350676e-26
2.81250876991711e-26
1.1911085709423303e-26
5.025799182864893e-27
2.1126917692744996e-27
8.847587247390981e-28
3.6910616701484415e-28
1.5338929379422958e-28
6.349436407813664e-29
2.6178832674820383e-29
1.0750246312738628e-29
4.39660170379539e-30
1.790702250924488e-30
7.2629587801381325e-31
2.933347533136712e-31
1.1796369618574028e-31
4.7232687463244385e-32
1.8828694927397226e-32
7.472298226140349e-33
2.9520043598920017e-33
1.1608610784756095e-33
4.543753910237484e-34
1.7700708583575465e-34
6.862414251061683e-35
2.6475358842414394e-35
1.0163719884557783e-35
3.8821801848862366e-36
1.4752854938231004e-36
5.577222243906165e-37
2.097317993367247e-37
7.844708538152576e-38
2.91820641600476e-38
1.0795456047336774e-38
3.9710876913008435e-39
1.4523713526974603e-39
5.2808060887440854e-40
1.9086666542326576e-40
6.856752533714347e-41
2.4480186587508833e-41
8.684927166089952e-42
3.061385985474772e-42
1.0720460767980206e-42
3.729004263154489e-43
1.2882330560182418e-43
4.4192998760493735e-44
1.5052284177892352e-44
5.089446534163858e-45
1.707984272191067e-45
5.6880667713149375e-46
1.8794529861638994e-46
6.160251746790167e-47
2.0025131171506218e-47
6.454564681293646e-48
2.062398650751784e-48
6.531093169138842e-49
2.0492449497115926e-49
6.36907988972195e-50
1.9602285599636754e-50
5.972384338929735e-51
1.800753095942441e-51
5.371181470880746e-52
1.5842612996904768e-52
4.618958440133869e-53
1.3305329085670366e-53
3.7849379212560834e-54
1.0627021612867463e-54
2.9432703844026814e-55
8.035915342057705e-56
2.1613172207269574e-56
5.721851104616437e-57
1.4897234787009483e-57
3.8106009631157714e-58
9.565530379712965e-59
2.3533689804371477e-59
5.666117929223975e-60
1.3327049850990875e-60
3.0558468434483027e-61
6.813803022720669e-62
1.4728966403345733e-62
3.074716530780921e-63
6.16784016823934e-64
1.181118093415342e-64
2.1395706578816387e-65
3.6180105759030757e-66
5.594236807517965e-67
7.633825349915242e-68
8.570717192824559e-69
6.631127981879324e-70
1.592471300055878e-71
2.736705887852945e-72
4.942359291201371e-72
2.525390685076103e-72
8.565924427830036e-73
2.2865094268000133e-73
5.059442106873392e-74
9.325372710829942e-75
1.3820107157154792e-75
1.4723904723175592e-76
7.477582518872571e-78
3.647408486993744e-80
5.649466761531972e-79
3.798543390394322e-79
1.4197235387296267e-79
3.83547021366109e-80
7.94229812275217e-81
1.2249389822493016e-81
1.1986125379183651e-82
3.231425887407804e-84
7.847285963444813e-85
1.4185119721880408e-84
7.23588617890822e-85
2.2937353976309558e-85
5.1715595727285975e-86
8.120135750118445e-87
7.117063883416714e-88
5.944445849108072e-90
1.742966072968187e-89
1.8559417622036105e-89
8.075273736009893e-90
2.2392354749078873e-90
4.17646381423367e-91
4.486026433963231e-92
9.224087480404895e-94
6.446394521175673e-94
9.271962108744557e-94
4.426929802712632e-94
1.2686829231133107e-94
2.3118953571568603e-95
2.1265981384790797e-96
6.260338732363641e-99
9.430087294238133e-98
8.967608890297792e-98
3.66535751906754e-98
9.02893711801238e-99
1.2697740085356055e-99
4.998909945351459e-101
9.85689369453157e-102
2.292440051504399e-101
1.2457423489745368e-101
3.7012465515414895e-102
6.287769732732634e-103
3.810793491530112e-104
1.7323378861814002e-105
8.681773192359354e-105
5.512322512536073e-105
1.7763585221555693e-105
3.1640968007010587e-106
1.9092782119840085e-107
1.182621805317493e-108
5.200315483409091e-108
3.2514228232382162e-108
1.0177569931565315e-108
1.6610936177257032e-109
6.4865499161628836e-111
2.1711915576625297e-111
4.603321122187427e-111
2.4509948579110714e-111
6.672965874316404e-112
8.345379650318237e-113
4.244495390248706e-115
4.8914885588371975e-114
5.241794909909846e-114
2.165153292834517e-114
4.516900502475009e-115
2.9371227911749007e-116
2.6131972439357454e-117
1.0679304468183344e-116
6.699715632095556e-117
1.9848266196017807e-117
2.523952885826993e-118
3.781953016767291e-121
2.1438745295612476e-119
2.1492388443417627e-119
8.451471048505517e-120
1.5458143374976053e-120
4.821537340106133e-122
4.329717262479635e-122
7.563463024820605e-122
3.782128964252075e-122
8.77633337709274e-123
5.592822358926942e-124
9.085425429164927e-125
3.056508289129108e-124
1.863395477226878e-124
5.084041469638744e-125
4.490231235054406e-126
2.1856152629329962e-127
1.4735780025619587e-126
1.0395118947551026e-126
3.1412010520948263e-127
3.2316353971403016e-128
7.759958315599856e-130
8.706002611709458e-129
6.664269684335475e-129
2.11208198067592e-129
2.2501180716561885e-130
5.565756810048613e-132
6.363384549070432e-131
4.927275999929592e-131
1.553155766211583e-131
1.5365580518246432e-132
7.704224949040485e-134
5.696424601611195e-133
4.174994567728898e-133
1.2405976040943319e-133
9.966916867522558e-135
1.4759105173221045e-135
6.089968944160116e-135
3.9961691160955126e-135
1.0567844441357355e-135
5.512690992255174e-137
3.1427115625638774e-137
7.528269512884898e-137
4.2310733879529953e-137
9.287066404263204e-138
1.7748260821288126e-139
6.89242047437053e-139
1.0410796676787097e-138
4.8216563003862725e-139
7.931104837395957e-140
1.8830088137975372e-143
1.5275054578131456e-140
1.5605294023384755e-140
5.70331625148223e-141
5.792149732401066e-142
6.046334117092153e-143
3.4036874193562175e-142
2.4566145935256014e-142
6.634138020980055e-143
2.4030600833839563e-144
3.952791069132381e-144
7.58154317368341e-144
3.915838295544227e-144
6.871504199835886e-145
6.400440793229708e-148
1.6092232110511295e-145
1.6674731885997603e-145
6.00044262709812e-146
4.8905689011235493e-147
1.544378727342468e-147
5.435420856512135e-147
3.535338912945935e-147
8.037074535670277e-148
4.336982543881101e-150
1.2444461009867033e-148
1.6425114943990127e-148
6.897774827487017e-149
7.343740444845169e-150
1.2099016707014882e-150
6.150961532201916e-150
4.480902432679288e-150
1.1194156507515605e-150
9.79376795331393e-153
1.708468677101335e-151
2.430928025968078e-151
1.061946485042252e-151
1.1207896068137777e-152
2.3663721536483998e-153
1.1186868974334325e-152
8.097557635705778e-153
1.934699029871397e-153
3.85595329756404e-156
4.1435540621467596e-154
5.374981382413828e-154
2.1882243324232014e-154
1.7215787458037322e-155
9.982686837949385e-156
3.172438881418185e-155
2.0461375126934075e-155
4.007040568507058e-156
3.7137431900792465e-158
1.6329450248933026e-156
1.7117292855482258e-156
5.792710501596219e-157
1.893873263577715e-158
6.737406219717427e-158
1.3200238376518323e-157
6.89278178386823e-158
8.697018997748111e-159
1.6487783742982286e-159
9.416207574832792e-159
7.412530927570744e-159
1.7958246101017222e-159
4.711501060784838e-163
6.074647968994883e-160
7.500780003748258e-160
2.858333194591575e-160
1.212012206385377e-161
3.305580636901134e-161
7.266732152937436e-161
4.0428661426275544e-161
5.214285732623135e-162
1.2238154385223698e-162
6.760056383309761e-162
5.388383390454048e-162
1.2581226107628237e-162
8.277680566531641e-165
5.972754114184172e-163
6.966022229537882e-163
2.4725649099359692e-163
4.920746569196529e-165
4.853195392342678e-164
8.866339059584584e-164
4.437051562175703e-164
3.8288054697898585e-165
3.349227594301843e-165
1.1182970121569723e-164
7.647378715808274e-165
1.311053276644337e-165
1.5458863436769085e-166
1.3975230512186578e-165
1.3001202244875085e-165
3.493613763565412e-166
9.268390638524547e-169
1.717765980013333e-166
2.2141466413922278e-166
8.393319921929064e-167
1.488237344946554e-168
2.0399055131901713e-167
3.812162238776414e-167
1.9324326801621526e-167
1.389024372648847e-168
2.2534700594111107e-168
6.669997353243568e-168
4.399847368416934e-168
6.243769541102456e-169
2.1232748664610246e-169
1.1884975971843253e-168
1.0090352271649263e-168
2.2333898620440468e-169
1.3164788911136462e-170
2.1553385052575955e-169
2.3580335543875768e-169
7.286580621686015e-170
7.234652420834268e-173
3.9633193587375294e-170
5.6586285266844436e-170
2.297055738714316e-170
3.2155194535360204e-172
7.331510215699643e-171
1.4017051181589304e-170
7.210318291254078e-171
3.9617694967480875e-172
1.3445725475466008e-171
3.596757391839627e-171
2.293906981181059e-171
2.502499326783415e-172
2.3796326457509917e-172
9.581678375338524e-172
7.481327787603178e-172
1.2787439862902752e-172
3.8490884080869155e-173
2.653099190533844e-172
2.5207157439707456e-172
6.010764843389542e-173
4.987834517317303e-174
7.637076507266978e-173
8.822482001269711e-173
2.7459197297753406e-173
3.183068028419228e-175
2.2835102792820786e-173
3.2204011950626273e-173
1.254740723133563e-173
9.858421640361873e-177
7.078006569829354e-174
1.229585555012561e-173
5.833358355192143e-174
1.0851385589871532e-175
2.266327979072092e-174
4.921314677327698e-174
2.7894990193469916e-174
1.4367467235606078e-175
7.453780960937937e-175
2.0680616612019475e-174
1.382306227014279e-174
1.2892698725495402e-175
2.4955453561519857e-175
9.134443388149529e-175
7.135798362573748e-175
1.005526373613772e-175
8.38168700552712e-176
4.243574979360775e-175
3.8522552653267725e-175
7.436053815111697e-176
2.753570426387365e-176
2.0741543794724417e-175
2.18107422341157e-175
5.431997562133251e-176
8.43045442606083e-177
1.066532385531081e-175
1.2979280675939835e-175
4.009065789629501e-176
2.153661296085296e-177
5.7666376225618926e-176
8.131429136818869e-176
3.0309285713882036e-176
3.194506240495702e-178
3.2755526873226404e-176
5.3697019198219866e-176
2.3685033890930407e-176
4.5306111025385085e-181
1.9517518882589093e-176
3.740973561032206e-176
1.9250137347419165e-176
1.7766958914132426e-178
1.2173386439220924e-176
2.7512470958123252e-176
1.634474068650566e-176
5.109490224744106e-178
7.923483494362123e-177
2.1366496964523532e-176
1.4544959416224e-176
9.059799041199298e-178
5.358548499565941e-177
1.752428240446683e-176
1.3598172663611875e-176
1.362269935373626e-177
3.741714355664169e-177
1.517722824320079e-176
1.3380117303572862e-176
1.9240053686994861e-177
2.6724708498274807e-177
1.3874771461768782e-176
1.3874771461768782e-176
2.6724708498274807e-177
1.9240053686994861e-177
1.3380117303572862e-176
1.517722824320079e-176
3.741714355664169e-177
1.362269935373626e-177
1.3598172663611875e-176
1.752428240446683e-176
5.358548499565941e-177
9.059799041199298e-178
1.4544959416224e-176
2.1366496964523532e-176
7.923483494362123e-177
5.109490224744106e-178
1.634474068650566e-176
2.7512470958123252e-176
1.2173386439220924e-176
1.7766958914132426e-178
1.9250137347419165e-176
3.740973561032206e-176
1.9517518882589093e-176
4.5306111025385085e-181
2.3685033890930407e-176
5.3697019198219866e-176
3.2755526873226404e-176
3.194506240495702e-178
3.0309285713882036e-176
8.131429136818869e-176
5.7666376225618926e-176
2.153661296085296e-177
4.009065789629501e-176
1.2979280675939835e-175
1.066532385531081e-175
8.43045442606083e-177
5.431997562133251e-176
2.18107422341157e-175
2.0741543794724417e-175
2.753570426387365e-176
7.436053815111697e-176
3.8522552653267725e-175
4.243574979360775e-175
8.38168700552712e-176
1.005526373613772e-175
7.135798362573748e-175
9.134443388149529e-175
2.4955453561519857e-175
1.2892698725495402e-175
1.382306227014279e-174
2.0680616612019475e-174
7.453780960937937e-175
1.4367467235606078e-175
2.7894990193469916e-174
4.921314677327698e-174
2.266327979072092e-174
1.0851385589871532e-175
5.833358355192143e-174
1.229585555012561e-173
7.078006569829354e-174
9.858421640361873e-177
1.254740723133563e-173
3.2204011950626273e-173
2.2835102792820786e-173
3.183068028419228e-175
2.7459197297753406e-173
8.822482001269711e-173
7.637076507266978e-173
4.987834517317303e-174
6.010764843389542e-173
2.5207157439707456e-172
2.653099190533844e-172
3.8490884080869155e-173
1.2787439862902752e-172
7.481327787603178e-172
9.581678375338524e-172
2.3796326457509917e-172
2.502499326783415e-172
2.293906981181059e-171
3.596757391839627e-171
1.3445725475466008e-171
3.9617694967480875e-172
7.210318291254078e-171
1.4017051181589304e-170
7.331510215699643e-171
3.2155194535360204e-172
2.297055738714316e-170
5.6586285266844436e-170
3.9633193587375294e-170
7.234652420834268e-173
7.286580621686015e-170
2.3580335543875768e-169
2.1553385052575955e-169
1.3164788911136462e-170
2.2333898620440468e-169
1.0090352271649263e-168
1.1884975971843253e-168
2.1232748664610246e-169
6.243769541102456e-169
4.399847368416934e-168
6.669997353243568e-168
2.2534700594111107e-168
1.389024372648847e-168
1.9324326801621526e-167
3.812162238776414e-167
2.0399055131901713e-167
1.488237344946554e-168
8.393319921929064e-167
2.2141466413922278e-166
1.717765980013333e-166
9.268390638524547e-169
3.493613763565412e-166
1.3001202244875085e-165
1.3975230512186578e-165
1.5458863436769085e-166
1.311053276644337e-165
7.647378715808274e-165
1.1182970121569723e-164
3.349227594301843e-165
3.8288054697898585e-165
4.437051562175703e-164
8.866339059584584e-164
4.853195392342678e-164
4.920746569196529e-165
2.4725649099359692e-163
6.966022229537882e-163
5.972754114184172e-163
8.277680566531641e-165
1.2581226107628237e-162
5.388383390454048e-162
6.760056383309761e-162
1.2238154385223698e-162
5.214285732623135e-162
4.0428661426275544e-161
7.266732152937436e-161
3.305580636901134e-161
1.212012206385377e-161
2.858333194591575e-160
7.500780003748258e-160
6.074647968994883e-160
4.711501060784838e-163
1.7958246101017222e-159
7.412530927570744e-159
9.416207574832792e-159
1.6487783742982286e-159
8.697018997748111e-159
6.89278178386823e-158
1.3200238376518323e-157
6.737406219717427e-158
1.893873263577715e-158
5.792710501596219e-157
1.7117292855482258e-156
1.6329450248933026e-156
3.7137431900792465e-158
4.007040568507058e-156
2.0461375126934075e-155
3.172438881418185e-155
9.982686837949385e-156
1.7215787458037322e-155
2.1882243324232014e-154
5.374981382413828e-154
4.1435540621467596e-154
3.85595329756404e-156
1.934699029871397e-153
8.097557635705778e-153
1.1186868974334325e-152
2.3663721536483998e-153
1.1207896068137777e-152
1.061946485042252e-151
2.430928025968078e-151
1.708468677101335e-151
9.79376795331393e-153
1.1194156507515605e-150
4.480902432679288e-150
6.150961532201916e-150
1.2099016707014882e-150
7.343740444845169e-150
6.897774827487017e-149
1.6425114943990127e-148
1.2444461009867033e-148
4.336982543881101e-150
8.037074535670277e-148
3.535338912945935e-147
5.435420856512135e-147
1.544378727342468e-147
4.8905689011235493e-147
6.00044262709812e-146
1.6674731885997603e-145
1.6092232110511295e-145
6.400440793229708e-148
6.871504199835886e-145
3.915838295544227e-144
7.58154317368341e-144
3.952791069132381e-144
2.4030600833839563e-144
6.634138020980055e-143
2.4566145935256014e-142
3.4036874193562175e-142
6.046334117092153e-143
5.792149732401066e-142
5.70331625148223e-141
1.5605294023384755e-140
1.5275054578131456e-140
1.8830088137975372e-143
7.931104837395957e-140
4.8216563003862725e-139
1.0410796676787097e-138
6.89242047437053e-139
1.7748260821288126e-139
9.287066404263204e-138
4.2310733879529953e-137
7.528269512884898e-137
3.1427115625638774e-137
5.512690992255174e-137
1.0567844441357355e-135
3.9961691160955126e-135
6.089968944160116e-135
1.4759105173221045e-135
9.966916867522558e-135
1.2405976040943319e-133
4.174994567728898e-133
5.696424601611195e-133
7.704224949040485e-134
1.5365580518246432e-132
1.553155766211583e-131
4.927275999929592e-131
6.363384549070432e-131
5.565756810048613e-132
2.2501180716561885e-130
2.11208198067592e-129
6.664269684335475e-129
8.706002611709458e-129
7.759958315599856e-130
3.2316353971403016e-128
3.1412010520948263e-127
1.0395118947551026e-126
1.4735780025619587e-126
2.1856152629329962e-127
4.490231235054406e-126
5.084041469638744e-125
1.863395477226878e-124
3.056508289129108e-124
9.085425429164927e-125
5.592822358926942e-124
8.77633337709274e-123
3.782128964252075e-122
7.563463024820605e-122
4.329717262479635e-122
4.821537340106133e-122
1.5458143374976053e-120
8.451471048505517e-120
2.1492388443417627e-119
2.1438745295612476e-119
3.781953016767291e-121
2.523952885826993e-118
1.9848266196017807e-117
6.699715632095556e-117
1.0679304468183344e-116
2.6131972439357454e-117
2.9371227911749007e-116
4.516900502475009e-115
2.165153292834517e-114
5.241794909909846e-114
4.8914885588371975e-114
4.244495390248706e-115
8.345379650318237e-113
6.672965874316404e-112
2.4509948579110714e-111
4.603321122187427e-111
2.1711915576625297e-111
6.4865499161628836e-111
1.6610936177257032e-109
1.0177569931565315e-108
3.2514228232382162e-108
5.200315483409091e-108
1.182621805317493e-108
1.9092782119840085e-107
3.1640968007010587e-106
1.7763585221555693e-105
5.512322512536073e-105
8.681773192359354e-105
1.7323378861814002e-105
3.810793491530112e-104
6.287769732732634e-103
3.7012465515414895e-102
1.2457423489745368e-101
2.292440051504399e-101
9.85689369453157e-102
4.998909945351459e-101
1.2697740085356055e-99
9.02893711801238e-99
3.66535751906754e-98
8.967608890297792e-98
9.430087294238133e-98
6.260338732363641e-99
2.1265981384790797e-96
2.3118953571568603e-95
1.2686829231133107e-94
4.426929802712632e-94
9.271962108744557e-94
6.446394521175673e-94
9.224087480404895e-94
4.486026433963231e-92
4.17646381423367e-91
2.2392354749078873e-90
8.075273736009893e-90
1.8559417622036105e-89
1.742966072968187e-89
5.944445849108072e-90
7.117063883416714e-88
8.120135750118445e-87
5.1715595727285975e-86
2.2937353976309558e-85
7.23588617890822e-85
1.4185119721880408e-84
7.847285963444813e-85
3.231425887407804e-84
1.1986125379183651e-82
1.2249389822493016e-81
7.94229812275217e-81
3.83547021366109e-80
1.4197235387296267e-79
3.798543390394322e-79
5.649466761531972e-79
3.647408486993744e-80
7.477582518872571e-78
1.4723904723175592e-76
1.3820107157154792e-75
9.325372710829942e-75
5.059442106873392e-74
2.2865094268000133e-73
8.565924427830036e-73
2.525390685076103e-72
4.942359291201371e-72
2.736705887852945e-72
1.592471300055878e-71
6.631127981879324e-70
8.570717192824559e-69
7.633825349915242e-68
5.594236807517965e-67
3.6180105759030757e-66
2.1395706578816387e-65
1.181118093415342e-64
6.16784016823934e-64
3.074716530780921e-63
1.4728966403345733e-62
6.813803022720669e-62
3.0558468434483027e-61
1.3327049850990875e-60
5.666117929223975e-60
2.3533689804371477e-59
9.565530379712965e-59
3.8106009631157714e-58
1.4897234787009483e-57
5.721851104616437e-57
2.1613172207269574e-56
8.035915342057705e-56
2.9432703844026814e-55
1.0627021612867463e-54
3.7849379212560834e-54
1.3305329085670366e-53
4.618958440133869e-53
1.5842612996904768e-52
5.371181470880746e-52
1.800753095942441e-51
5.972384338929735e-51
1.9602285599636754e-50
6.36907988972195e-50
2.0492449497115926e-49
6.531093169138842e-49
2.062398650751784e-48
6.454564681293646e-48
2.0025131171506218e-47
6.160251746790167e-47
1.8794529861638994e-46
5.6880667713149375e-46
1.707984272191067e-45
5.089446534163858e-45
1.5052284177892352e-44
4.4192998760493735e-44
1.2882330560182418e-43
3.729004263154489e-43
1.0720460767980206e-42
3.061385985474772e-42
8.684927166089952e-42
2.4480186587508833e-41
6.856752533714347e-41
1.9086666542326576e-40
5.2808060887440854e-40
1.4523713526974603e-39
3.9710876913008435e-39
1.0795456047336774e-38
2.91820641600476e-38
7.844708538152576e-38
2.097317993367247e-37
5.577222243906165e-37
1.4752854938231004e-36
3.8821801848862366e-36
1.0163719884557783e-35
2.6475358842414394e-35
6.862414251061683e-35
1.7700708583575465e-34
4.543753910237484e-34
1.1608610784756095e-33
2.9520043598920017e-33
7.472298226140349e-33
1.8828694927397226e-32
4.7232687463244385e-32
1.1796369618574028e-31
2.933347533136712e-31
7.2629587801381325e-31
1.790702250924488e-30
4.39660170379539e-30
1.0750246312738628e-29
2.6178832674820383e-29
6.349436407813664e-29
1.5338929379422958e-28
3.6910616701484415e-28
8.847587247390981e-28
2.1126917692744996e-27
5.025799182864893e-27
1.1911085709423303e-26
2.81250876991711e-26
6.616851832350676e-26
1.5511085455746697e-25
3.62313155659453e-25
8.433243630451861e-25
1.956099545008297e-24
4.5215755918157345e-24
1.0416159258855085e-23
2.3914455637168342e-23
5.472228676672151e-23
1.248056626939252e-22
2.8371730099916016e-22
6.428855904939225e-22
1.4520864980230476e-21
3.269463622711064e-21
7.338373165315085e-21
1.6420111703793092e-20
3.662848627728062e-20
8.14594838435114e-20
1.8061640103643545e-19
3.992807357889236e-19
8.80071059450167e-19
1.9341389793166905e-18
4.238383987269073e-18
9.261205637912696e-18
2.0179066636075214e-17
4.3844230969412644e-17
9.499767937215599e-17
2.0526449023019174e-16
4.423091162898551e-16
9.505171578528865e-16
2.037166978215705e-15
4.3544801253436614e-15
9.28323339368249e-15
1.9739020074258764e-14
4.1862504037053827e-14
8.85539395833656e-14
1.8684576834189871e-13
3.932428342968488e-13
8.25562337074517e-13
1.7288591748808643e-12
3.611595564341368e-12
7.526226152445422e-12
1.5645983316860975e-11
3.244774813051129e-11
6.713220172965952e-11
1.3856394966645648e-10
2.8533229909418775e-10
5.861936393389747e-10
1.2015139063734503e-9
2.457095136625486e-9
5.013354774887252e-9
1.0206008329152655e-8
2.073060711490865e-8
4.201498885851758e-8
8.496499134056292e-8
1.7144570869007595e-7
3.452003786606498e-7
6.935552443947853e-7
1.390474486294929e-6
2.7817883227904443e-6
5.553554760177605e-6
0.000011063962742574756
0.00002199630205327692
0.00004364098460221326
0.00008640756939912343
0.00017073707054975228
0.0003366890370938005
0.0006626153374073154
0.0013014620815914556
0.002551203915622079
0.004991240094648968
0.009746020673484472
0.018993615622062088
0.03694496090527826
0.07172585905384286
0.1389872456809072
0.26881801933329086
0.5189572368372927