1.
0.8282793805196219
0.6857623537603005
0.5675309321287689
0.46948714068025915
0.38821766064745383
0.32088058888260135
0.2651107368731792
0.21894046528636588
0.18073353168042508
0.14912983428486914
0.12299927558995977
0.10140325603172867
0.08356254886710643
0.06883050962715942
0.05667074340900437
0.04663849585905674
0.0383651533460673
0.03154533817497812
0.025926168829791412
0.021298325747528685
0.017488622198222354
0.014353829314210743
0.011775545720690105
0.009655936867601788
0.007914198142463712
0.006483620072193478
0.005309154169921897
0.0043453948972308086
0.0035549073361212506
0.002906841953803315
0.00237578767903528
0.0019408227113689798
0.0015847293225161234
0.0012933446067882831
0.0010550238832538327
0.0008601974032819657
0.0007010043051547844
0.0005709904924973239
0.0004648593873993405
0.00037826639913784857
0.00030764951953564954
0.00025008975977990907
0.00020319622567353162
0.00016501152607776307
0.00013393395380233887
0.00010865349530346315
0.0000880992368269416
0.00007139615803910435
0.00005782965466343186
0.00004681642161442423
0.00003788056792547445
0.00003063403299173221
0.000024760537425509484
0.000020002437073455413
0.000016149960386921584
0.000013032401447155573
0.000010510916906076619
8.47263771336742e-6
6.825858082558831e-6
5.4961066245468505e-6
4.422939537101223e-6
3.557324499115575e-6
2.859507566466848e-6
2.2972748014274924e-6
1.8445363322299988e-6
1.4801736467488734e-6
1.1871016803096138e-6
9.51506079692453e-7
7.622232575282458e-7
6.102367769916803e-7
4.882684594791667e-7
3.9044658002666813e-7
3.1203676472318465e-7
2.492238613621567e-7
1.989352259422247e-7
1.5869764119852827e-7
1.265215312234208e-7
1.0080731759802428e-7
8.026972584337264e-8
6.387663620614021e-8
5.07997124261696e-8
4.037456289507287e-8
3.206861236488855e-8
2.5455206984757694e-8
2.0192755552738135e-8
1.6007937417524443e-8
1.2682192209945263e-8
1.004085649308729e-8
7.94443399230897e-9
6.281584602125626e-9
4.9634971851844524e-9
3.9193757973494065e-9
3.092821256158312e-9
2.4389322476259506e-9
1.921984333163927e-9
1.513572813958368e-9
1.1911276850202991e-9
9.367268803899663e-10
7.361484981308218e-10
5.781143664643025e-10
4.536867116890964e-10
3.557872525244908e-10
2.7881412880882e-10
2.183369618835513e-10
1.7085427135016603e-10
1.3360062550518764e-10
1.0439343186421162e-10
8.151130180003634e-11
6.359754783903912e-11
4.958367287934593e-11
3.8628751376900655e-11
3.007143479243058e-11
2.3391978648503594e-11
1.818221964633503e-11
1.4121855135322423e-11
1.0959715248350806e-11
8.498987408852778e-12
6.585567468634424e-12
5.098882495366491e-12
3.944666040572193e-12
3.0492746605510064e-12
2.3552201934537248e-12
1.8176603381111075e-12
1.401644045596748e-12
1.0799510047524772e-12
8.31398376172648e-13
6.395147368179829e-13
4.915023979138416e-13
3.7742601264800056e-13
2.895786203191362e-13
2.2198671337980876e-13
1.700241456282742e-13
1.3011118573807717e-13
9.948012678955973e-14
7.599287981180193e-14
5.799913742823893e-14
4.4226174392313736e-14
3.3693298882672464e-14
2.5645495486235687e-14
1.950199749513229e-14
1.4816463204942544e-14
1.1246164070901037e-14
8.528165757825547e-15
6.460930857568722e-15
4.890121511867711e-15
3.697652714194812e-15
2.7932594297681215e-15
2.108006014353726e-15
1.589295034098647e-15
1.1970325604923456e-15
9.00684651878546e-16
6.770199735726753e-16
5.083802102527696e-16
3.8135609814306463e-16
2.857748991742579e-16
2.1392678494908228e-16
1.5997431993131916e-16
1.1950213932748169e-16
8.917386923576645e-17
6.647100388021218e-17
4.949435625762027e-17
3.681323672275368e-17
2.7351000596281884e-17
2.0298281969352694e-17
1.5047282943080252e-17
1.1142059585622936e-17
8.240949036570804e-18
6.088202106756421e-18
4.492588394393468e-18
3.3112771383325875e-18
2.4377057874450532e-18
1.7924595578174577e-18
1.3164220759260807e-18
9.656371953583334e-19
7.0745872637585045e-19
5.176684584894239e-19
3.7832137813837425e-19
2.761364115203622e-19
2.0129595160881598e-19
1.4655135923339674e-19
1.0655722518131144e-19
7.737646929750221e-20
5.61128719895769e-20
4.0638550566088693e-20
2.939209200861717e-20
2.1229204731577556e-20
1.5312360994260983e-20
1.1029351394751579e-20
7.933251897476224e-21
5.698229636820936e-21
4.087050044828869e-21
2.9272178012062557e-21
2.0934801795639067e-21
1.4950129449252364e-21
1.0660480321308433e-21
7.590277125286388e-22
5.396109236378939e-22
3.83035610099908e-22
2.7147249876912345e-22
1.9210276794243732e-22
1.3572354278360801e-22
9.573772179786745e-23
6.742325871381326e-23
4.7405355474541454e-23
3.3275777708625314e-23
2.3318688857593377e-23
1.631349289265432e-23
1.1393269094485626e-23
7.943278713404253e-24
5.528312808213621e-24
3.840766565234607e-24
2.663585644045774e-24
1.843867179789096e-24
1.2740820310991054e-24
8.787398236763702e-25
6.049347815118578e-25
4.156541171851584e-25
2.8504973278047388e-25
1.9510289780925556e-25
1.3327558810007093e-25
9.08594984982997e-26
6.181753556093527e-26
4.197234064668333e-26
2.8438919898498656e-26
1.922867660294175e-26
1.2973578223372935e-26
8.734370952861944e-27
5.867485937485392e-27
3.93285393824005e-27
2.6301792659532653e-27
1.7549742433855948e-27
1.1682875373135078e-27
7.759034874123173e-28
5.14078692841827e-28
3.3978172677566494e-28
2.240284149736558e-28
1.4734065167590059e-28
9.665887292873258e-29
6.324749385502309e-29
4.127714686797337e-29
2.686720931969963e-29
1.7440672719684626e-29
1.1290479193599998e-29
7.288700083920122e-30
4.691976484962142e-30
3.0116773795476256e-30
1.9274632034774874e-30
1.2298898520464364e-30
7.823940022985282e-31
4.961807300772723e-31
3.136782825891654e-31
1.9766665222152897e-31
1.2415381405444144e-31
7.772071159668716e-32
4.848806292347145e-32
3.014563988889944e-32
1.8675613878081285e-32
1.1527997262819493e-32
7.089703156319406e-33
4.343728724828343e-33
2.651072423738618e-33
1.6116361476104275e-33
9.757971094035794e-34
5.883801704814108e-34
3.5328034352489734e-34
2.1120238822159284e-34
1.2570393623262053e-34
7.447664498560557e-35
4.391981238084236e-35
2.577598444217242e-35
1.5053129755568349e-35
8.746499770013842e-36
5.055608704743309e-36
2.9065399177093573e-36
1.6617692253208974e-36
9.446700438039998e-37
5.3385474224575375e-37
2.998559723358348e-37
1.6736169707036e-37
9.280122668954449e-38
5.110916448322771e-38
2.794963718710212e-38
1.5172654836014003e-38
8.173729751314611e-39
4.36823280077311e-39
2.3150383954005475e-39
1.2161925258972024e-39
6.330606348946611e-40
3.263426346845956e-40
1.6651395917197682e-40
8.404473214145587e-41
4.1932880873664777e-41
2.0665437848344557e-41
1.005062719898157e-41
4.8189669782393894e-42
2.275133403592863e-42
1.0561824027601048e-42
4.8130246627027594e-43
2.1486057259603557e-43
9.372585105785073e-44
3.9824072845312715e-44
1.641467974450078e-44
6.527486435376124e-45
2.485463849927729e-45
8.963344978538059e-46
3.0104323563019613e-46
9.155084721695566e-47
2.390447639180621e-47
4.7416800509913335e-48
4.695598960928956e-49
5.245258118351941e-51
1.631026441561474e-49
2.5085034475907994e-49
2.2971312180193476e-49
1.6529463075542873e-49
1.0228034600796647e-49
5.653980865164731e-50
2.839054005562883e-50
1.3008475301395775e-50
5.411068996039511e-51
2.009486464284834e-51
6.4233670428713295e-52
1.6271159984081153e-52
2.5731703353727425e-53
5.2732947465777076e-55
2.122713235400546e-54
5.359687850661618e-54
5.862147974429677e-54
4.6162413525507584e-54
2.982838201656865e-54
1.659303094462716e-54
8.069871126708312e-55
3.412150195154862e-55
1.2175179033097255e-55
3.3919892226874477e-56
5.851973005516597e-57
1.3936509961007404e-58
5.099813515245403e-58
1.370355239824105e-57
1.5491748505712417e-57
1.2386807523834174e-57
7.974762740393002e-58
4.315000397873313e-58
1.9712345824163453e-58
7.385058832789199e-59
2.0724496101448863e-59
3.2187981924651314e-60
7.276284277748506e-63
6.987480203192065e-61
1.4708672273394632e-60
1.5555687196222813e-60
1.1942865436507985e-60
7.351752554120442e-61
3.721951072642124e-61
1.5204002332863692e-61
4.6090100086801015e-62
7.759016263607002e-63
3.2069132343711636e-65
1.678039650894712e-63
3.751994259789143e-63
4.0986844408089295e-63
3.199379128636626e-63
1.968166550446195e-63
9.711560844111659e-64
3.6937513176416166e-64
9.30913170016848e-65
7.666060462408351e-66
2.568606688847121e-66
1.531111822328411e-65
2.211049857965433e-65
2.018442533203783e-65
1.3887944705495622e-65
7.507714848102232e-66
3.1023402176793847e-66
8.555831013015498e-67
8.485425184327675e-68
1.7301123513063123e-68
1.3522092269455939e-67
2.0946497255715415e-67
1.9900145854832197e-67
1.4007253511202211e-67
7.603726190964021e-68
3.0574819239731744e-68
7.549180517000849e-69
3.800807879520663e-70
6.469517284837707e-70
2.488038415920231e-69
3.35816165223474e-69
2.9735594749899517e-69
1.9648584459451548e-69
9.78426541890517e-70
3.3496364907155604e-70
5.251774950811962e-71
9.350117583195706e-73
3.782460166387545e-71
7.414556500478433e-71
7.986805316609759e-71
6.110846892464402e-71
3.492927437381086e-71
1.4153601138338821e-71
3.1307998986360835e-72
2.9878630321603493e-74
8.533293634327615e-73
2.3192878346722464e-72
2.8835028155751113e-72
2.4341347216069945e-72
1.5122794533424087e-72
6.672964013463828e-73
1.6715739314667704e-73
4.2119685073396927e-75
3.3647606870936524e-74
1.0775928760031706e-73
1.4383687658085262e-73
1.2737696851333944e-73
8.198312467614685e-74
3.6992093611590005e-74
9.196702497884487e-75
1.5091228092606503e-76
2.452688554158262e-75
7.451422497942563e-75
9.902149717934582e-75
8.762478284173171e-75
5.585171094683811e-75
2.42783955868715e-75
5.2332724479958145e-76
2.8575801710706005e-80
2.960382952395747e-76
7.381725131022576e-76
9.2004680349971e-76
7.796479645959508e-76
4.7086819254373825e-76
1.8400074582895078e-76
2.7485236304849872e-77
3.7254344582715385e-78
5.055957237338657e-77
9.914475882470133e-77
1.1159327275748745e-76
8.732629546612456e-77
4.7617465275935096e-77
1.509406547791661e-77
8.043074177561437e-79
2.5590121407388164e-78
1.0987469159064248e-77
1.7140353959027884e-77
1.7036628859286323e-77
1.1889922951246438e-77
5.486376786791619e-78
1.143179826614835e-78
1.851461193081963e-80
1.196406925846198e-78
2.8787169169424196e-78
3.6583964766173623e-78
3.1553981569708965e-78
1.88075534165019e-78
6.551049655451568e-79
4.3075659098219135e-80
1.0900972381660986e-79
5.285327643251573e-79
8.852636355477798e-79
9.320521992638423e-79
6.812623170059622e-79
3.2268071617003444e-79
6.3765036252861334e-80
3.753729986993328e-81
1.0370308845362772e-79
2.4404843457249127e-79
3.141742269402204e-79
2.7458380347597234e-79
1.6266278575349515e-79
5.225022919073772e-80
1.235245616615096e-81
2.0362201743160904e-80
7.673805383223475e-80
1.2250697996484295e-79
1.2656595405732663e-79
8.997955041082429e-80
3.915149375590723e-80
5.025985311857241e-81
3.289729960187356e-81
2.726249497452946e-80
5.5600408225496676e-80
6.774566474422632e-80
5.654475660490197e-80
3.0775778575547556e-80
7.475163941250492e-81
1.504547831548891e-82
1.0665353822215847e-80
2.9368513506582826e-80
4.244525475943426e-80
4.1138847174873945e-80
2.6886278562489246e-80
9.52014620396068e-81
2.5946410417766652e-82
4.330256966764926e-81
1.7931459878253166e-80
3.1210099412509785e-80
3.5009631393631524e-80
2.687284200056705e-80
1.2452616637718043e-80
1.5618514434019316e-81
1.5618514434019316e-81
1.2452616637718043e-80
2.687284200056705e-80
3.5009631393631524e-80
3.1210099412509785e-80
1.7931459878253166e-80
4.330256966764926e-81
2.5946410417766652e-82
9.52014620396068e-81
2.6886278562489246e-80
4.1138847174873945e-80
4.244525475943426e-80
2.9368513506582826e-80
1.0665353822215847e-80
1.504547831548891e-82
7.475163941250492e-81
3.0775778575547556e-80
5.654475660490197e-80
6.774566474422632e-80
5.5600408225496676e-80
2.726249497452946e-80
3.289729960187356e-81
5.025985311857241e-81
3.915149375590723e-80
8.997955041082429e-80
1.2656595405732663e-79
1.2250697996484295e-79
7.673805383223475e-80
2.0362201743160904e-80
1.235245616615096e-81
5.225022919073772e-80
1.6266278575349515e-79
2.7458380347597234e-79
3.141742269402204e-79
2.4404843457249127e-79
1.0370308845362772e-79
3.753729986993328e-81
6.3765036252861334e-80
3.2268071617003444e-79
6.812623170059622e-79
9.320521992638423e-79
8.852636355477798e-79
5.285327643251573e-79
1.0900972381660986e-79
4.3075659098219135e-80
6.551049655451568e-79
1.88075534165019e-78
3.1553981569708965e-78
3.6583964766173623e-78
2.8787169169424196e-78
1.196406925846198e-78
1.851461193081963e-80
1.143179826614835e-78
5.486376786791619e-78
1.1889922951246438e-77
1.7036628859286323e-77
1.7140353959027884e-77
1.0987469159064248e-77
2.5590121407388164e-78
8.043074177561437e-79
1.509406547791661e-77
4.7617465275935096e-77
8.732629546612456e-77
1.1159327275748745e-76
9.914475882470133e-77
5.055957237338657e-77
3.7254344582715385e-78
2.7485236304849872e-77
1.8400074582895078e-76
4.7086819254373825e-76
7.796479645959508e-76
9.2004680349971e-76
7.381725131022576e-76
2.960382952395747e-76
2.8575801710706005e-80
5.2332724479958145e-76
2.42783955868715e-75
5.585171094683811e-75
8.762478284173171e-75
9.902149717934582e-75
7.451422497942563e-75
2.452688554158262e-75
1.5091228092606503e-76
9.196702497884487e-75
3.6992093611590005e-74
8.198312467614685e-74
1.2737696851333944e-73
1.4383687658085262e-73
1.0775928760031706e-73
3.3647606870936524e-74
4.2119685073396927e-75
1.6715739314667704e-73
6.672964013463828e-73
1.5122794533424087e-72
2.4341347216069945e-72
2.8835028155751113e-72
2.3192878346722464e-72
8.533293634327615e-73
2.9878630321603493e-74
3.1307998986360835e-72
1.4153601138338821e-71
3.492927437381086e-71
6.110846892464402e-71
7.986805316609759e-71
7.414556500478433e-71
3.782460166387545e-71
9.350117583195706e-73
5.251774950811962e-71
3.3496364907155604e-70
9.78426541890517e-70
1.9648584459451548e-69
2.9735594749899517e-69
3.35816165223474e-69
2.488038415920231e-69
6.469517284837707e-70
3.800807879520663e-70
7.549180517000849e-69
3.0574819239731744e-68
7.603726190964021e-68
1.4007253511202211e-67
1.9900145854832197e-67
2.0946497255715415e-67
1.3522092269455939e-67
1.7301123513063123e-68
8.485425184327675e-68
8.555831013015498e-67
3.1023402176793847e-66
7.507714848102232e-66
1.3887944705495622e-65
2.018442533203783e-65
2.211049857965433e-65
1.531111822328411e-65
2.568606688847121e-66
7.666060462408351e-66
9.30913170016848e-65
3.6937513176416166e-64
9.711560844111659e-64
1.968166550446195e-63
3.199379128636626e-63
4.0986844408089295e-63
3.751994259789143e-63
1.678039650894712e-63
3.2069132343711636e-65
7.759016263607002e-63
4.6090100086801015e-62
1.5204002332863692e-61
3.721951072642124e-61
7.351752554120442e-61
1.1942865436507985e-60
1.5555687196222813e-60
1.4708672273394632e-60
6.987480203192065e-61
7.276284277748506e-63
3.2187981924651314e-60
2.0724496101448863e-59
7.385058832789199e-59
1.9712345824163453e-58
4.315000397873313e-58
7.974762740393002e-58
1.2386807523834174e-57
1.5491748505712417e-57
1.370355239824105e-57
5.099813515245403e-58
1.3936509961007404e-58
5.851973005516597e-57
3.3919892226874477e-56
1.2175179033097255e-55
3.412150195154862e-55
8.069871126708312e-55
1.659303094462716e-54
2.982838201656865e-54
4.6162413525507584e-54
5.862147974429677e-54
5.359687850661618e-54
2.122713235400546e-54
5.2732947465777076e-55
2.5731703353727425e-53
1.6271159984081153e-52
6.4233670428713295e-52
2.009486464284834e-51
5.411068996039511e-51
1.3008475301395775e-50
2.839054005562883e-50
5.653980865164731e-50
1.0228034600796647e-49
1.6529463075542873e-49
2.2971312180193476e-49
2.5085034475907994e-49
1.631026441561474e-49
5.245258118351941e-51
4.695598960928956e-49
4.7416800509913335e-48
2.390447639180621e-47
9.155084721695566e-47
3.0104323563019613e-46
8.963344978538059e-46
2.485463849927729e-45
6.527486435376124e-45
1.641467974450078e-44
3.9824072845312715e-44
9.372585105785073e-44
2.1486057259603557e-43
4.8130246627027594e-43
1.0561824027601048e-42
2.275133403592863e-42
4.8189669782393894e-42
1.005062719898157e-41
2.0665437848344557e-41
4.1932880873664777e-41
8.404473214145587e-41
1.6651395917197682e-40
3.263426346845956e-40
6.330606348946611e-40
1.2161925258972024e-39
2.3150383954005475e-39
4.36823280077311e-39
8.173729751314611e-39
1.5172654836014003e-38
2.794963718710212e-38
5.110916448322771e-38
9.280122668954449e-38
1.6736169707036e-37
2.998559723358348e-37
5.3385474224575375e-37
9.446700438039998e-37
1.6617692253208974e-36
2.9065399177093573e-36
5.055608704743309e-36
8.746499770013842e-36
1.5053129755568349e-35
2.577598444217242e-35
4.391981238084236e-35
7.447664498560557e-35
1.2570393623262053e-34
2.1120238822159284e-34
3.5328034352489734e-34
5.883801704814108e-34
9.757971094035794e-34
1.6116361476104275e-33
2.651072423738618e-33
4.343728724828343e-33
7.089703156319406e-33
1.1527997262819493e-32
1.8675613878081285e-32
3.014563988889944e-32
4.848806292347145e-32
7.772071159668716e-32
1.2415381405444144e-31
1.9766665222152897e-31
3.136782825891654e-31
4.961807300772723e-31
7.823940022985282e-31
1.2298898520464364e-30
1.9274632034774874e-30
3.0116773795476256e-30
4.691976484962142e-30
7.288700083920122e-30
1.1290479193599998e-29
1.7440672719684626e-29
2.686720931969963e-29
4.127714686797337e-29
6.324749385502309e-29
9.665887292873258e-29
1.4734065167590059e-28
2.240284149736558e-28
3.3978172677566494e-28
5.14078692841827e-28
7.759034874123173e-28
1.1682875373135078e-27
1.7549742433855948e-27
2.6301792659532653e-27
3.93285393824005e-27
5.867485937485392e-27
8.734370952861944e-27
1.2973578223372935e-26
1.922867660294175e-26
2.8438919898498656e-26
4.197234064668333e-26
6.181753556093527e-26
9.08594984982997e-26
1.3327558810007093e-25
1.9510289780925556e-25
2.8504973278047388e-25
4.156541171851584e-25
6.049347815118578e-25
8.787398236763702e-25
1.2740820310991054e-24
1.843867179789096e-24
2.663585644045774e-24
3.840766565234607e-24
5.528312808213621e-24
7.943278713404253e-24
1.1393269094485626e-23
1.631349289265432e-23
2.3318688857593377e-23
3.3275777708625314e-23
4.7405355474541454e-23
6.742325871381326e-23
9.573772179786745e-23
1.3572354278360801e-22
1.9210276794243732e-22
2.7147249876912345e-22
3.83035610099908e-22
5.396109236378939e-22
7.590277125286388e-22
1.0660480321308433e-21
1.4950129449252364e-21
2.0934801795639067e-21
2.9272178012062557e-21
4.087050044828869e-21
5.698229636820936e-21
7.933251897476224e-21
1.1029351394751579e-20
1.5312360994260983e-20
2.1229204731577556e-20
2.939209200861717e-20
4.0638550566088693e-20
5.61128719895769e-20
7.737646929750221e-20
1.0655722518131144e-19
1.4655135923339674e-19
2.0129595160881598e-19
2.761364115203622e-19
3.7832137813837425e-19
5.176684584894239e-19
7.0745872637585045e-19
9.656371953583334e-19
1.3164220759260807e-18
1.7924595578174577e-18
2.4377057874450532e-18
3.3112771383325875e-18
4.492588394393468e-18
6.088202106756421e-18
8.240949036570804e-18
1.1142059585622936e-17
1.5047282943080252e-17
2.0298281969352694e-17
2.7351000596281884e-17
3.681323672275368e-17
4.949435625762027e-17
6.647100388021218e-17
8.917386923576645e-17
1.1950213932748169e-16
1.5997431993131916e-16
2.1392678494908228e-16
2.857748991742579e-16
3.8135609814306463e-16
5.083802102527696e-16
6.770199735726753e-16
9.00684651878546e-16
1.1970325604923456e-15
1.589295034098647e-15
2.108006014353726e-15
2.7932594297681215e-15
3.697652714194812e-15
4.890121511867711e-15
6.460930857568722e-15
8.528165757825547e-15
1.1246164070901037e-14
1.4816463204942544e-14
1.950199749513229e-14
2.5645495486235687e-14
3.3693298882672464e-14
4.4226174392313736e-14
5.799913742823893e-14
7.599287981180193e-14
9.948012678955973e-14
1.3011118573807717e-13
1.700241456282742e-13
2.2198671337980876e-13
2.895786203191362e-13
3.7742601264800056e-13
4.915023979138416e-13
6.395147368179829e-13
8.31398376172648e-13
1.0799510047524772e-12
1.401644045596748e-12
1.8176603381111075e-12
2.3552201934537248e-12
3.0492746605510064e-12
3.944666040572193e-12
5.098882495366491e-12
6.585567468634424e-12
8.498987408852778e-12
1.0959715248350806e-11
1.4121855135322423e-11
1.818221964633503e-11
2.3391978648503594e-11
3.007143479243058e-11
3.8628751376900655e-11
4.958367287934593e-11
6.359754783903912e-11
8.151130180003634e-11
1.0439343186421162e-10
1.3360062550518764e-10
1.7085427135016603e-10
2.183369618835513e-10
2.7881412880882e-10
3.557872525244908e-10
4.536867116890964e-10
5.781143664643025e-10
7.361484981308218e-10
9.367268803899663e-10
1.1911276850202991e-9
1.513572813958368e-9
1.921984333163927e-9
2.4389322476259506e-9
3.092821256158312e-9
3.9193757973494065e-9
4.9634971851844524e-9
6.281584602125626e-9
7.94443399230897e-9
1.004085649308729e-8
1.2682192209945263e-8
1.6007937417524443e-8
2.0192755552738135e-8
2.5455206984757694e-8
3.206861236488855e-8
4.037456289507287e-8
5.07997124261696e-8
6.387663620614021e-8
8.026972584337264e-8
1.0080731759802428e-7
1.265215312234208e-7
1.5869764119852827e-7
1.989352259422247e-7
2.492238613621567e-7
3.1203676472318465e-7
3.9044658002666813e-7
4.882684594791667e-7
6.102367769916803e-7
7.622232575282458e-7
9.51506079692453e-7
1.1871016803096138e-6
1.4801736467488734e-6
1.8445363322299988e-6
2.2972748014274924e-6
2.859507566466848e-6
3.557324499115575e-6
4.422939537101223e-6
5.4961066245468505e-6
6.825858082558831e-6
8.47263771336742e-6
0.000010510916906076619
0.000013032401447155573
0.000016149960386921584
0.000020002437073455413
0.000024760537425509484
0.00003063403299173221
0.00003788056792547445
0.00004681642161442423
0.00005782965466343186
0.00007139615803910435
0.0000880992368269416
0.00010865349530346315
0.00013393395380233887
0.00016501152607776307
0.00020319622567353162
0.00025008975977990907
0.00030764951953564954
0.00037826639913784857
0.0004648593873993405
0.0005709904924973239
0.0007010043051547844
0.0008601974032819657
0.0010550238832538327
0.0012933446067882831
0.0015847293225161234
0.0019408227113689798
0.00237578767903528
0.002906841953803315
0.0035549073361212506
0.0043453948972308086
0.005309154169921897
0.006483620072193478
0.007914198142463712
0.009655936867601788
0.011775545720690105
0.014353829314210743
0.017488622198222354
0.021298325747528685
0.025926168829791412
0.03154533817497812
0.0383651533460673
0.04663849585905674
0.05667074340900437
0.06883050962715942
0.08356254886710643
0.10140325603172867
0.12299927558995977
0.14912983428486914
0.18073353168042508
0.21894046528636588
0.2651107368731792
0.32088058888260135
0.38821766064745383
0.46948714068025915
0.5675309321287689
0.6857623537603005
0.8282793805196219