1.
0.4103157230793398
0.16787611070878594
0.06848600532452592
0.027857774948277226
0.011298270447344487
0.00456864684226728
0.0018418839068582913
0.0007403289798275471
0.00029666320840176233
0.00011851341176098786
0.00004719809039609548
0.000018737969289573745
7.415657160258811e-6
2.9254551626132256e-6
1.1503801599124783e-6
4.5090047697360945e-7
1.76156391859927e-7
6.859324058018356e-8
2.662048812115188e-8
1.0296481169996006e-8
3.969043591202917e-9
1.524730150877314e-9
5.837081971182708e-10
2.2267918548118796e-10
8.46505064228489e-11
3.206493796759139e-11
1.2102265443820676e-11
4.551165206290962e-12
1.7052266589787562e-12
6.365445973973217e-13
2.367260629914497e-13
8.770347686364922e-14
3.2368582905038964e-14
1.1900055882338978e-14
4.3578742575265834e-15
1.5895798237552218e-15
5.775015238654005e-16
2.0896226878257057e-16
7.530207781048904e-17
2.702404582459708e-17
9.657787582370172e-18
3.4369079682275667e-18
1.217866742567965e-18
4.2968621072959306e-19
1.509386671287663e-19
5.278666344702283e-20
1.8378038236251714e-20
6.369442322729897e-21
2.197386748907046e-21
7.545523063923426e-22
2.5788392481945366e-22
8.771723636407103e-23
2.969233669529888e-23
1.0001725099455256e-23
3.352340875187421e-24
1.117982570012484e-24
3.7094165266034e-25
1.2244165367813996e-25
4.020446167059579e-26
1.3131320174204297e-26
4.2657783536928036e-27
1.3781918196059382e-27
4.427996520482505e-28
1.4146688497027495e-28
4.4938113171336805e-29
1.4192172014177105e-29
4.4557124977324074e-30
1.390524785401242e-30
4.313117507550832e-31
1.3295698185715446e-31
4.0728008313647714e-32
1.2396260629182938e-32
3.748482147129029e-33
1.1259975257928237e-33
3.35957924038787e-34
9.955065627181762e-35
2.929270400427044e-35
8.558015677772218e-36
2.4821321072680376e-36
7.145825841670277e-37
2.0416939840481517e-37
5.788576850718449e-38
1.6282655483051754e-38
4.543360342889682e-39
1.2573337522999628e-39
3.4503628810262523e-40
9.38718386669698e-41
2.531475109563358e-41
6.765295719708572e-42
1.7913353897129528e-42
4.698303314429258e-43
1.2203112561335668e-43
3.1379851248567915e-44
7.986572455614673e-45
2.0112709093398855e-45
5.0100788441462064e-46
1.234061629848672e-46
3.004637906221052e-47
7.228436033929834e-48
1.7175735219223395e-48
4.029151379166513e-49
9.3267960025841e-50
2.1293566756115283e-50
4.7920189041419956e-51
1.0623753114890503e-51
2.318658117087324e-52
4.978237577866263e-53
1.0506102947994898e-53
2.1774192119746296e-54
4.427280013987662e-55
8.821254932500526e-56
1.7201171777825908e-56
3.2777244117897307e-57
6.092877758459934e-58
1.102620848061604e-58
1.937909234027939e-59
3.298167626948479e-60
5.415946741281726e-61
8.541899169665763e-62
1.2862709775162368e-62
1.8345554935110139e-63
2.450452612199627e-64
3.0140085360087963e-65
3.321498825909233e-66
3.119992238149357e-67
2.2392397791569875e-68
8.71358746331892e-70
7.884042586462198e-77
1.8427053206877544e-71
9.926156352883931e-72
2.814163711076076e-72
5.809931314689744e-73
9.483683381292602e-74
1.2303743378807785e-74
1.1937725072308874e-75
6.956364497872152e-77
5.927243007505173e-79
5.54012852052489e-79
4.5444350140817565e-79
1.451682392247782e-79
3.0325306641037075e-80
4.548814730415614e-81
4.670899524516673e-82
2.439761300232085e-83
5.894332033287382e-87
5.99879772325242e-85
3.51132555867907e-85
9.692956062856773e-86
1.7230007270784742e-86
1.9729397774151502e-87
1.0778740182904799e-88
1.1288119396283162e-93
3.5119190450840394e-90
1.9818339366008654e-90
5.247602561063465e-91
8.481964762544306e-92
7.649749103891165e-93
1.5383088731874159e-94
4.755167513840517e-95
5.729914022032389e-95
1.9829623618511515e-95
3.7946372228094905e-96
3.9672042103406854e-97
1.0780664977075351e-98
1.8874044374243296e-99
2.877198756813023e-99
1.0564333881063114e-99
2.0288775496568604e-100
1.9498381473473356e-101
2.6608810928497506e-103
2.5197109075022013e-103
2.427545895756428e-103
7.649082325886571e-104
1.2371098679187145e-104
7.906915713847369e-106
2.8184643645475575e-108
5.29086395079846e-107
2.7969128071317876e-107
6.476698451677101e-108
6.958240616161287e-109
8.929136005326104e-111
1.201344236931091e-110
1.1348649057555702e-110
3.4696612814217156e-111
4.944383262236121e-112
1.7102836757922933e-113
3.265848348108677e-114
5.600486323000362e-114
2.0913563781745382e-114
3.4910872214340774e-115
1.6559265285476748e-116
1.3782531458121872e-117
3.573492158019585e-117
1.4823566006367369e-117
2.627575375115327e-118
1.2877774274804911e-119
1.1650562240319188e-120
3.0096866903804462e-120
1.2479521316989254e-120
2.137636300608453e-121
8.356821566843596e-123
1.8165898629038217e-123
3.266690689637634e-123
1.2265365327864696e-123
1.8328815471707986e-124
3.5911836549797246e-126
3.8821870251993843e-126
4.326281125223336e-126
1.3530040668976102e-126
1.5422992780967234e-127
9.855580525443593e-131
9.309622626956793e-129
6.544873406366234e-129
1.5757204274176284e-129
1.0708147492565193e-130
5.750345420812451e-132
2.2965831807188477e-131
1.0558713558032735e-131
1.7566607261016854e-132
3.147181068119651e-134
5.143596566991621e-134
5.576063701795392e-134
1.6776505597670233e-134
1.525072350786329e-135
2.564255518377678e-137
2.390908384965292e-136
1.2754438706104491e-136
2.3184817946960814e-137
4.418931385092407e-139
7.620735449725788e-139
8.503583553273782e-139
2.5518968638057673e-139
2.0433663825176812e-140
1.1363222914031197e-141
5.1267838204551853e-141
2.4499787411376456e-141
3.7538462992065794e-142
8.39691903670793e-145
2.7642376700318407e-143
2.2102331003459067e-143
5.287405545532571e-144
2.0187766705609328e-145
1.2412723769394338e-145
1.945113735531281e-145
6.73580894654554e-146
5.948405658259837e-147
3.598148938368746e-148
1.705155659066369e-147
8.327887303160452e-148
1.1920560247192344e-148
7.76368808093832e-152
1.5069530646020318e-149
1.0386216683215905e-149
2.094532926994946e-150
2.1518919534187872e-152
1.3513225040419534e-151
1.339573301144126e-151
3.538687292253823e-152
1.2413154845490542e-153
1.2330395098958943e-153
1.819303405918139e-153
6.015862773247766e-154
3.785095501244606e-155
1.145884989007982e-155
2.6392961050880335e-155
1.0565943513103994e-155
9.506924113052047e-157
1.0863347815495033e-157
4.1392353361021386e-157
1.94976023103065e-157
2.2332304923332843e-158
1.0595337489817641e-159
7.089729950886323e-159
3.822949028886712e-159
5.1794642844357854e-160
1.0947239310144035e-161
1.3374106443113728e-160
8.024539334365788e-161
1.2189397265084991e-161
1.2939763185840953e-163
2.7960572026402265e-162
1.8117277910238204e-162
2.9538019437636366e-163
2.0273633100782969e-165
6.5024384511278286e-164
4.4103978896810505e-164
7.42430764590225e-165
4.924857626018664e-167
1.6834794024388585e-165
1.1582205794252229e-165
1.9399866858320928e-166
1.8688934064456163e-168
4.842248849752194e-167
3.2772414640584524e-167
5.260188686445654e-168
9.519158990647149e-170
1.5403384297764518e-168
9.964185632151253e-169
1.4710492187810452e-169
5.583813752853587e-171
5.384286658458496e-170
3.2418802952009793e-170
4.195092136638658e-171
3.4723360409128886e-172
2.0525619028085822e-171
1.1225131705710256e-171
1.1963824425604478e-172
2.216828865791004e-173
8.464427581210063e-173
4.107837065260223e-173
3.2957151356822558e-174
1.4400607410428264e-174
3.7449496755161758e-174
1.5749948716799978e-174
8.181911674819337e-176
9.51397438894408e-176
1.7630245736320458e-175
6.256329366647371e-176
1.5358681282866122e-177
6.404167849915631e-177
8.758290289712881e-177
2.5359088825000678e-177
9.940329050489348e-180
4.399804794883843e-178
4.5514330717616007e-178
1.0257493161124707e-178
4.6951447233753075e-181
3.0875189629259106e-179
2.4504975311847946e-179
3.99203428873983e-180
2.7586861435402854e-181
2.211892444912598e-180
1.3512205649141473e-180
1.3938715537674607e-181
4.9728918931512916e-182
1.614401125175424e-181
7.516414656438218e-182
3.673724139223497e-183
6.570694106426964e-183
1.1958573160872893e-182
4.1268425419881115e-183
3.446695132171981e-185
7.612345426823728e-184
8.934502246280823e-184
2.1579355390644912e-184
1.8692724088032176e-186
8.253943229859452e-185
6.668202530771741e-185
1.003565023991254e-185
1.5767074570077733e-186
8.616244434926878e-186
4.897118562816394e-186
3.50736476528997e-187
3.832146866067379e-187
8.760088658662383e-187
3.4514788018150225e-187
4.488266038926425e-189
6.692075287130708e-188
8.68690663277455e-188
2.2301464714306718e-188
2.6324519636337624e-190
1.0071770843723859e-188
8.342083160679423e-189
1.1964208906502725e-189
3.0197438736572717e-190
1.3923682969928088e-189
7.620020474435432e-190
3.957488137850615e-191
9.349395295054574e-191
1.8118915553478827e-190
6.383279255880269e-191
3.941487454401367e-194
2.0411669662195028e-191
2.2299024551669358e-191
4.529477149284282e-192
4.222729177055488e-193
3.780872576972255e-192
2.5670266571218347e-192
2.1849733725094619e-193
2.4429574937364563e-193
6.322624179328842e-193
2.677193590800677e-193
2.0056722497306977e-195
7.505600293326861e-194
9.736753633349275e-194
2.3456348998319505e-194
1.3153846983671593e-195
1.8022120047617836e-194
1.374399963751651e-194
1.3955791601925631e-195
1.2693366343621154e-195
3.758462841443026e-195
1.7239264200853487e-195
1.6953939574357795e-197
5.100697751548952e-196
7.041294931249386e-196
1.769771668498614e-196
1.108061696010638e-197
1.514484260626939e-196
1.1837763041379976e-196
1.1584333467377317e-197
1.3210906396710837e-197
3.8022183316048116e-197
1.7243615860329615e-197
7.992129331634678e-200
6.3299171201787e-198
8.405859475528114e-198
1.9646069554199294e-198
2.3072226019179233e-199
2.2111102988476927e-198
1.6319981907926926e-198
1.231051665477984e-199
2.617844234856175e-199
6.451873923060713e-199
2.655179243170928e-199
3.1299763977387435e-203
1.386005988847485e-199
1.632639515583912e-199
3.1289212935328185e-200
9.245648859503375e-201
5.462575432343693e-200
3.541628468956565e-200
1.4300982690488772e-201
9.169557244110447e-201
1.7956779928648907e-200
6.131993115210597e-201
1.4504869537492532e-202
5.133527818866294e-201
5.048166515341899e-201
6.659851893744806e-202
6.024156081278344e-202
2.2152146551413026e-201
1.1782159465093556e-201
7.97519678793683e-204
5.322745564469119e-202
7.987427098090243e-202
2.0238206308144885e-202
3.2950594419774353e-203
3.093614382240259e-202
2.4187890735613995e-202
1.5667348492165538e-203
5.955175817554795e-203
1.4317175666269066e-202
5.780945000594546e-203
6.325729095336595e-205
4.8976525734692454e-203
5.52526588464175e-203
8.672877626036466e-204
6.812925579686635e-204
2.939253138246987e-203
1.737176593751627e-203
1.6595207990270396e-205
8.733021582849589e-204
1.4355162912622263e-203
3.929725998691223e-204
6.921038660594661e-205
6.944511328610638e-204
5.7720450610198764e-204
3.7272178334790725e-205
1.7234844303903905e-204
4.294971586426057e-204
1.7863066571464872e-204
3.5487803334446897e-206
1.88794765059486e-204
2.1766254937086857e-204
3.2541926765719933e-205
3.625026261043447e-205
1.4897852059829015e-204
8.789782513697323e-205
2.7530697348735584e-207
5.873266478030346e-205
9.4546294474808e-205
2.4317176789246858e-205
7.449923151769344e-206
6.006545973272949e-205
4.85639204757518e-205
2.1689357996671256e-206
2.0640173266123586e-205
4.770952534891711e-205
1.8519433014565068e-205
1.1542471947280883e-206
2.8119775729580227e-205
3.0734562457368392e-205
3.6415509226250673e-206
7.987176098645313e-206
2.8090527095154317e-205
1.5384167753625638e-205
1.8352285949775692e-208
1.5208615015416798e-205
2.253697951115793e-205
4.87907250878864e-206
3.2295431294753066e-206
1.9320070305939278e-205
1.4408976957544254e-205
2.612469226480476e-207
9.403327462488818e-206
1.9270873721841925e-205
6.517660968357245e-206
1.2021773104304643e-206
1.5493160419983233e-205
1.5493160419983233e-205
1.2021773104304643e-206
6.517660968357245e-206
1.9270873721841925e-205
9.403327462488818e-206
2.612469226480476e-207
1.4408976957544254e-205
1.9320070305939278e-205
3.2295431294753066e-206
4.87907250878864e-206
2.253697951115793e-205
1.5208615015416798e-205
1.8352285949775692e-208
1.5384167753625638e-205
2.8090527095154317e-205
7.987176098645313e-206
3.6415509226250673e-206
3.0734562457368392e-205
2.8119775729580227e-205
1.1542471947280883e-206
1.8519433014565068e-205
4.770952534891711e-205
2.0640173266123586e-205
2.1689357996671256e-206
4.85639204757518e-205
6.006545973272949e-205
7.449923151769344e-206
2.4317176789246858e-205
9.4546294474808e-205
5.873266478030346e-205
2.7530697348735584e-207
8.789782513697323e-205
1.4897852059829015e-204
3.625026261043447e-205
3.2541926765719933e-205
2.1766254937086857e-204
1.88794765059486e-204
3.5487803334446897e-206
1.7863066571464872e-204
4.294971586426057e-204
1.7234844303903905e-204
3.7272178334790725e-205
5.7720450610198764e-204
6.944511328610638e-204
6.921038660594661e-205
3.929725998691223e-204
1.4355162912622263e-203
8.733021582849589e-204
1.6595207990270396e-205
1.737176593751627e-203
2.939253138246987e-203
6.812925579686635e-204
8.672877626036466e-204
5.52526588464175e-203
4.8976525734692454e-203
6.325729095336595e-205
5.780945000594546e-203
1.4317175666269066e-202
5.955175817554795e-203
1.5667348492165538e-203
2.4187890735613995e-202
3.093614382240259e-202
3.2950594419774353e-203
2.0238206308144885e-202
7.987427098090243e-202
5.322745564469119e-202
7.97519678793683e-204
1.1782159465093556e-201
2.2152146551413026e-201
6.024156081278344e-202
6.659851893744806e-202
5.048166515341899e-201
5.133527818866294e-201
1.4504869537492532e-202
6.131993115210597e-201
1.7956779928648907e-200
9.169557244110447e-201
1.4300982690488772e-201
3.541628468956565e-200
5.462575432343693e-200
9.245648859503375e-201
3.1289212935328185e-200
1.632639515583912e-199
1.386005988847485e-199
3.1299763977387435e-203
2.655179243170928e-199
6.451873923060713e-199
2.617844234856175e-199
1.231051665477984e-199
1.6319981907926926e-198
2.2111102988476927e-198
2.3072226019179233e-199
1.9646069554199294e-198
8.405859475528114e-198
6.3299171201787e-198
7.992129331634678e-200
1.7243615860329615e-197
3.8022183316048116e-197
1.3210906396710837e-197
1.1584333467377317e-197
1.1837763041379976e-196
1.514484260626939e-196
1.108061696010638e-197
1.769771668498614e-196
7.041294931249386e-196
5.100697751548952e-196
1.6953939574357795e-197
1.7239264200853487e-195
3.758462841443026e-195
1.2693366343621154e-195
1.3955791601925631e-195
1.374399963751651e-194
1.8022120047617836e-194
1.3153846983671593e-195
2.3456348998319505e-194
9.736753633349275e-194
7.505600293326861e-194
2.0056722497306977e-195
2.677193590800677e-193
6.322624179328842e-193
2.4429574937364563e-193
2.1849733725094619e-193
2.5670266571218347e-192
3.780872576972255e-192
4.222729177055488e-193
4.529477149284282e-192
2.2299024551669358e-191
2.0411669662195028e-191
3.941487454401367e-194
6.383279255880269e-191
1.8118915553478827e-190
9.349395295054574e-191
3.957488137850615e-191
7.620020474435432e-190
1.3923682969928088e-189
3.0197438736572717e-190
1.1964208906502725e-189
8.342083160679423e-189
1.0071770843723859e-188
2.6324519636337624e-190
2.2301464714306718e-188
8.68690663277455e-188
6.692075287130708e-188
4.488266038926425e-189
3.4514788018150225e-187
8.760088658662383e-187
3.832146866067379e-187
3.50736476528997e-187
4.897118562816394e-186
8.616244434926878e-186
1.5767074570077733e-186
1.003565023991254e-185
6.668202530771741e-185
8.253943229859452e-185
1.8692724088032176e-186
2.1579355390644912e-184
8.934502246280823e-184
7.612345426823728e-184
3.446695132171981e-185
4.1268425419881115e-183
1.1958573160872893e-182
6.570694106426964e-183
3.673724139223497e-183
7.516414656438218e-182
1.614401125175424e-181
4.9728918931512916e-182
1.3938715537674607e-181
1.3512205649141473e-180
2.211892444912598e-180
2.7586861435402854e-181
3.99203428873983e-180
2.4504975311847946e-179
3.0875189629259106e-179
4.6951447233753075e-181
1.0257493161124707e-178
4.5514330717616007e-178
4.399804794883843e-178
9.940329050489348e-180
2.5359088825000678e-177
8.758290289712881e-177
6.404167849915631e-177
1.5358681282866122e-177
6.256329366647371e-176
1.7630245736320458e-175
9.51397438894408e-176
8.181911674819337e-176
1.5749948716799978e-174
3.7449496755161758e-174
1.4400607410428264e-174
3.2957151356822558e-174
4.107837065260223e-173
8.464427581210063e-173
2.216828865791004e-173
1.1963824425604478e-172
1.1225131705710256e-171
2.0525619028085822e-171
3.4723360409128886e-172
4.195092136638658e-171
3.2418802952009793e-170
5.384286658458496e-170
5.583813752853587e-171
1.4710492187810452e-169
9.964185632151253e-169
1.5403384297764518e-168
9.519158990647149e-170
5.260188686445654e-168
3.2772414640584524e-167
4.842248849752194e-167
1.8688934064456163e-168
1.9399866858320928e-166
1.1582205794252229e-165
1.6834794024388585e-165
4.924857626018664e-167
7.42430764590225e-165
4.4103978896810505e-164
6.5024384511278286e-164
2.0273633100782969e-165
2.9538019437636366e-163
1.8117277910238204e-162
2.7960572026402265e-162
1.2939763185840953e-163
1.2189397265084991e-161
8.024539334365788e-161
1.3374106443113728e-160
1.0947239310144035e-161
5.1794642844357854e-160
3.822949028886712e-159
7.089729950886323e-159
1.0595337489817641e-159
2.2332304923332843e-158
1.94976023103065e-157
4.1392353361021386e-157
1.0863347815495033e-157
9.506924113052047e-157
1.0565943513103994e-155
2.6392961050880335e-155
1.145884989007982e-155
3.785095501244606e-155
6.015862773247766e-154
1.819303405918139e-153
1.2330395098958943e-153
1.2413154845490542e-153
3.538687292253823e-152
1.339573301144126e-151
1.3513225040419534e-151
2.1518919534187872e-152
2.094532926994946e-150
1.0386216683215905e-149
1.5069530646020318e-149
7.76368808093832e-152
1.1920560247192344e-148
8.327887303160452e-148
1.705155659066369e-147
3.598148938368746e-148
5.948405658259837e-147
6.73580894654554e-146
1.945113735531281e-145
1.2412723769394338e-145
2.0187766705609328e-145
5.287405545532571e-144
2.2102331003459067e-143
2.7642376700318407e-143
8.39691903670793e-145
3.7538462992065794e-142
2.4499787411376456e-141
5.1267838204551853e-141
1.1363222914031197e-141
2.0433663825176812e-140
2.5518968638057673e-139
8.503583553273782e-139
7.620735449725788e-139
4.418931385092407e-139
2.3184817946960814e-137
1.2754438706104491e-136
2.390908384965292e-136
2.564255518377678e-137
1.525072350786329e-135
1.6776505597670233e-134
5.576063701795392e-134
5.143596566991621e-134
3.147181068119651e-134
1.7566607261016854e-132
1.0558713558032735e-131
2.2965831807188477e-131
5.750345420812451e-132
1.0708147492565193e-130
1.5757204274176284e-129
6.544873406366234e-129
9.309622626956793e-129
9.855580525443593e-131
1.5422992780967234e-127
1.3530040668976102e-126
4.326281125223336e-126
3.8821870251993843e-126
3.5911836549797246e-126
1.8328815471707986e-124
1.2265365327864696e-123
3.266690689637634e-123
1.8165898629038217e-123
8.356821566843596e-123
2.137636300608453e-121
1.2479521316989254e-120
3.0096866903804462e-120
1.1650562240319188e-120
1.2877774274804911e-119
2.627575375115327e-118
1.4823566006367369e-117
3.573492158019585e-117
1.3782531458121872e-117
1.6559265285476748e-116
3.4910872214340774e-115
2.0913563781745382e-114
5.600486323000362e-114
3.265848348108677e-114
1.7102836757922933e-113
4.944383262236121e-112
3.4696612814217156e-111
1.1348649057555702e-110
1.201344236931091e-110
8.929136005326104e-111
6.958240616161287e-109
6.476698451677101e-108
2.7969128071317876e-107
5.29086395079846e-107
2.8184643645475575e-108
7.906915713847369e-106
1.2371098679187145e-104
7.649082325886571e-104
2.427545895756428e-103
2.5197109075022013e-103
2.6608810928497506e-103
1.9498381473473356e-101
2.0288775496568604e-100
1.0564333881063114e-99
2.877198756813023e-99
1.8874044374243296e-99
1.0780664977075351e-98
3.9672042103406854e-97
3.7946372228094905e-96
1.9829623618511515e-95
5.729914022032389e-95
4.755167513840517e-95
1.5383088731874159e-94
7.649749103891165e-93
8.481964762544306e-92
5.247602561063465e-91
1.9818339366008654e-90
3.5119190450840394e-90
1.1288119396283162e-93
1.0778740182904799e-88
1.9729397774151502e-87
1.7230007270784742e-86
9.692956062856773e-86
3.51132555867907e-85
5.99879772325242e-85
5.894332033287382e-87
2.439761300232085e-83
4.670899524516673e-82
4.548814730415614e-81
3.0325306641037075e-80
1.451682392247782e-79
4.5444350140817565e-79
5.54012852052489e-79
5.927243007505173e-79
6.956364497872152e-77
1.1937725072308874e-75
1.2303743378807785e-74
9.483683381292602e-74
5.809931314689744e-73
2.814163711076076e-72
9.926156352883931e-72
1.8427053206877544e-71
7.884042586462198e-77
8.71358746331892e-70
2.2392397791569875e-68
3.119992238149357e-67
3.321498825909233e-66
3.0140085360087963e-65
2.450452612199627e-64
1.8345554935110139e-63
1.2862709775162368e-62
8.541899169665763e-62
5.415946741281726e-61
3.298167626948479e-60
1.937909234027939e-59
1.102620848061604e-58
6.092877758459934e-58
3.2777244117897307e-57
1.7201171777825908e-56
8.821254932500526e-56
4.427280013987662e-55
2.1774192119746296e-54
1.0506102947994898e-53
4.978237577866263e-53
2.318658117087324e-52
1.0623753114890503e-51
4.7920189041419956e-51
2.1293566756115283e-50
9.3267960025841e-50
4.029151379166513e-49
1.7175735219223395e-48
7.228436033929834e-48
3.004637906221052e-47
1.234061629848672e-46
5.0100788441462064e-46
2.0112709093398855e-45
7.986572455614673e-45
3.1379851248567915e-44
1.2203112561335668e-43
4.698303314429258e-43
1.7913353897129528e-42
6.765295719708572e-42
2.531475109563358e-41
9.38718386669698e-41
3.4503628810262523e-40
1.2573337522999628e-39
4.543360342889682e-39
1.6282655483051754e-38
5.788576850718449e-38
2.0416939840481517e-37
7.145825841670277e-37
2.4821321072680376e-36
8.558015677772218e-36
2.929270400427044e-35
9.955065627181762e-35
3.35957924038787e-34
1.1259975257928237e-33
3.748482147129029e-33
1.2396260629182938e-32
4.0728008313647714e-32
1.3295698185715446e-31
4.313117507550832e-31
1.390524785401242e-30
4.4557124977324074e-30
1.4192172014177105e-29
4.4938113171336805e-29
1.4146688497027495e-28
4.427996520482505e-28
1.3781918196059382e-27
4.2657783536928036e-27
1.3131320174204297e-26
4.020446167059579e-26
1.2244165367813996e-25
3.7094165266034e-25
1.117982570012484e-24
3.352340875187421e-24
1.0001725099455256e-23
2.969233669529888e-23
8.771723636407103e-23
2.5788392481945366e-22
7.545523063923426e-22
2.197386748907046e-21
6.369442322729897e-21
1.8378038236251714e-20
5.278666344702283e-20
1.509386671287663e-19
4.2968621072959306e-19
1.217866742567965e-18
3.4369079682275667e-18
9.657787582370172e-18
2.702404582459708e-17
7.530207781048904e-17
2.0896226878257057e-16
5.775015238654005e-16
1.5895798237552218e-15
4.3578742575265834e-15
1.1900055882338978e-14
3.2368582905038964e-14
8.770347686364922e-14
2.367260629914497e-13
6.365445973973217e-13
1.7052266589787562e-12
4.551165206290962e-12
1.2102265443820676e-11
3.206493796759139e-11
8.46505064228489e-11
2.2267918548118796e-10
5.837081971182708e-10
1.524730150877314e-9
3.969043591202917e-9
1.0296481169996006e-8
2.662048812115188e-8
6.859324058018356e-8
1.76156391859927e-7
4.5090047697360945e-7
1.1503801599124783e-6
2.9254551626132256e-6
7.415657160258811e-6
0.000018737969289573745
0.00004719809039609548
0.00011851341176098786
0.00029666320840176233
0.0007403289798275471
0.0018418839068582913
0.00456864684226728
0.011298270447344487
0.027857774948277226
0.06848600532452592
0.16787611070878594
0.4103157230793398