1.
0.7571590420245138
0.5729222509138506
0.4332358087156984
0.32739473177364237
0.24725000376155482
0.18660221252988732
0.14073810659358774
0.1060766051232032
0.07989858008115013
0.06014071511154404
0.045238345798735626
0.03400571869821731
0.02554481804894289
0.01917598894341914
0.014385180111720302
0.010783850930861092
0.008078522443283893
0.006047667706083485
0.004524183933422827
0.003382107003826157
0.002526548207120676
0.0018860767958372893
0.001406957768614082
0.001048795979037209
0.0007812455717556694
0.0005815258888496005
0.00043254747507829824
0.0003214993126835266
0.0002387845038140483
0.00017721901596128318
0.0001314288916955297
0.00009739708325769076
0.00007212301266346953
0.00005336699828972704
0.00003945852898417945
0.000029152538495348452
0.000021521740654208645
0.000015876036179209678
0.000011702228129397204
8.618961513095708e-6
6.34306721075942e-6
4.664442541540853e-6
3.427317190192612e-6
2.5162918123066737e-6
1.8459412792365087e-6
1.3530783051718841e-6
9.910010917789747e-7
7.252194624111688e-7
5.302819281621344e-7
3.874219165808189e-7
2.8281303998120364e-7
2.062768284171319e-7
1.5032634382352275e-7
1.0945893592548862e-7
7.963365497983654e-8
5.788541856680532e-8
4.2040375698873724e-8
3.050609645473232e-8
2.2117043199036665e-8
1.602085109847147e-8
1.159470981954437e-8
8.383929832509588e-9
6.056845309739682e-9
4.371737200262215e-9
3.152593154370541e-9
2.2713585634781527e-9
1.6349516261498585e-9
1.1757719059595976e-9
8.447684997202526e-10
6.06381967039189e-10
4.348567587382647e-10
3.1155517717174623e-10
2.2300259392387148e-10
1.5946611632648537e-10
1.1392205724161279e-10
8.130653054680539e-11
5.7972033007033e-11
4.129375486994302e-11
2.9384627282284194e-11
2.0889264901353278e-11
1.4835099068162948e-11
1.0524929589341463e-11
7.459444770927639e-12
5.281404495540253e-12
3.735467992760027e-12
2.6393092065329072e-12
1.862868334480166e-12
1.3134623226257875e-12
9.251103737340151e-13
6.508888352951462e-13
4.574611991537674e-13
3.2116829904899303e-13
2.2523651703383993e-13
1.5778633138820626e-13
1.1041322153581942e-13
7.717747313184707e-14
5.388580862805327e-14
3.758107453901256e-14
2.618010875732787e-14
1.821703300747189e-14
1.2661472914863322e-14
8.789974169428724e-15
6.095145881438075e-15
4.2215317163773995e-15
2.920395824143511e-15
2.0178798767541486e-15
1.3926019513243853e-15
9.59915296288052e-16
6.608594776585256e-16
4.544139511927575e-16
3.120732099781201e-16
2.1405212400491025e-16
1.4663467749613069e-16
1.0032374749529147e-16
6.855142385808049e-17
4.6781118047534927e-17
3.18831887621896e-17
2.1701289202034865e-17
1.4751544236467164e-17
1.0014126678412671e-17
6.789030114143014e-18
4.596389268350743e-18
3.1076748406117175e-18
2.0982598479153383e-18
1.4147609256582852e-18
9.52581238041572e-19
6.404882909218974e-19
4.3003670314876433e-19
2.883234014845539e-19
1.9303191151448807e-19
1.2904700023289038e-19
8.614517510204841e-20
5.742127421468045e-20
3.8218005369402934e-20
2.5398668679855255e-20
1.6853727579489643e-20
1.1166506427422954e-20
7.387018213069115e-21
4.879166015941536e-21
3.2176631997372265e-21
2.1185954135264766e-21
1.3927133128239928e-21
9.140614287607785e-22
5.989390077383647e-22
3.9181122590745754e-22
2.5588899505086177e-22
1.6683996520135982e-22
1.085964184060642e-22
7.05652546493273e-23
4.577404360180505e-23
2.964104002546908e-23
1.9160467779447696e-23
1.2363740558465327e-23
7.963742939043795e-24
5.120359997045523e-24
3.2861840100756242e-24
2.10515195217636e-24
1.3460684305797327e-24
8.590822250640476e-25
5.472400466208223e-25
3.4792692579879563e-25
2.2077839434953728e-25
1.39821718389239e-25
8.837577621645389e-26
5.574722157205348e-26
3.5094192785445e-26
2.2047523715251917e-26
1.3822519524938957e-26
8.647838119271535e-27
5.398968012667422e-27
3.363462102241693e-27
2.0908574029445072e-27
1.296921472542204e-27
8.026817975624585e-28
4.956812236691472e-28
3.0540733259740798e-28
1.8774257367154027e-28
1.1514378949011097e-28
7.045317761252901e-29
4.300615099738679e-29
2.6188933940568555e-29
1.5909237639051992e-29
9.640775682019186e-30
5.827631739060927e-30
3.513790578273478e-30
2.113241420110338e-30
1.2676439812838776e-30
7.584126286007033e-31
4.525417514323759e-31
2.693028707266794e-31
1.5982199506654034e-31
9.458645441486409e-32
5.582148133612024e-32
3.2850086915412265e-32
1.92759917561034e-32
1.1277784718112544e-32
6.578684391867063e-33
3.825985321659576e-33
2.218282337187645e-33
1.2821514807318915e-33
7.387372371474461e-34
4.242748729257705e-34
2.428785719460898e-34
1.385775542117458e-34
7.880158034865278e-35
4.4657162014401e-35
2.5219502889562864e-35
1.4192058237859518e-35
7.957765202819193e-36
4.445762528542374e-36
2.474471222353902e-36
1.3720507828902649e-36
7.578429126184836e-37
4.169442041403259e-37
2.2847242666819983e-37
1.2468462610836645e-37
6.776105387228618e-38
3.666899797586478e-38
1.9757484660767228e-38
1.0598356633719663e-38
5.6595068354422846e-39
3.0082160099740834e-39
1.591421268552777e-39
8.37838620770446e-40
4.3892056551446135e-40
2.2877618852412765e-40
1.1862647347503639e-40
6.1184624011815e-41
3.1385857998689637e-41
1.6010130685349852e-41
8.120069737178027e-42
4.0941141577972084e-42
2.0517426200049368e-42
1.0218138539494006e-42
5.0562124021388965e-43
2.4854044065254722e-43
1.213375287934565e-43
5.881953280020329e-44
2.830555243601958e-44
1.3518645646946562e-44
6.405982764811516e-45
3.0109230400266864e-45
1.4032489216723477e-45
6.48244853756876e-46
2.9672050188552083e-46
1.3451781436815234e-46
6.037235128034087e-47
2.6810482877589244e-47
1.1774388517554563e-47
5.1105886506751024e-48
2.1907953357969083e-48
9.268130905217923e-49
3.865957008177414e-49
1.5883833248081979e-49
6.420618233566884e-50
2.549910853559435e-50
9.933297625016314e-51
3.7882096711491036e-51
1.410948463859289e-51
5.117241286072471e-52
1.800389322246927e-52
6.1143849234081575e-53
1.9910505197614504e-53
6.157970753390735e-54
1.7834903040257294e-54
4.7282726605166654e-55
1.1018511514130452e-55
2.0734831002579096e-56
2.4869174296672371e-57
4.213894482759455e-59
1.133988734165932e-58
2.2795523653614087e-58
1.9763704685772186e-58
1.2444352409662382e-58
6.5065266273548615e-59
2.9729295101786234e-59
1.2114553751454082e-59
4.4184868542930415e-60
1.4271638896982228e-60
3.961146375129597e-61
8.803057605038082e-62
1.288223473705653e-62
4.516447950568197e-64
3.565643929771669e-64
9.808049748630725e-64
9.340868153385372e-64
6.099328108616139e-64
3.182978379609782e-64
1.3970969174309566e-64
5.2125967661974905e-65
1.620444306521905e-65
3.9235618595137e-66
6.032565300521023e-67
1.865161675157941e-68
2.378924753268212e-68
6.1043588013018914e-68
5.776630189360594e-68
3.72759847221688e-68
1.8855324899309182e-68
7.770042536244051e-69
2.578228856262599e-69
6.397656566483302e-70
9.204104158767517e-71
1.0038780815153224e-72
8.559312624141345e-72
1.678006416120027e-71
1.4772712421633701e-71
9.065434570616393e-72
4.309203921297276e-72
1.6092312940831688e-72
4.462485952304652e-73
7.386404343039837e-74
1.7066716352532485e-75
5.065450182130993e-75
1.1882610093437286e-74
1.1164750552766301e-74
7.062916609244711e-75
3.3687808167155525e-75
1.2174936585208387e-75
3.0353568087433e-76
3.476173003194375e-77
4.42321307771408e-79
1.3277686464828657e-77
1.9017812610588192e-77
1.4937685997008686e-77
8.308736136562588e-78
3.432826019142405e-78
9.922361011427281e-79
1.4941687962124095e-79
1.8730180389093745e-82
2.9604672441483544e-80
5.301457037757247e-80
4.591296316833688e-80
2.7079580261511142e-80
1.1573561376570986e-80
3.35612419488891e-81
4.640326754878245e-82
1.2649700898488064e-84
1.5481185110884996e-82
2.4908779705335023e-82
2.0705694245993313e-82
1.1733580826635742e-82
4.69025428202708e-83
1.16947695502132e-83
9.011177015228642e-85
2.8795178289903086e-85
1.4732696262869916e-84
1.7714266768176636e-84
1.2722330870671271e-84
6.307029576426133e-85
2.0805305871886097e-85
3.3291736934826705e-86
5.670738551998531e-90
1.049924225226934e-86
1.864204678852827e-86
1.631136230172592e-86
9.42313881792767e-87
3.6579796525767055e-87
7.776612846079217e-88
1.6214823754994247e-89
1.0353140125116197e-88
2.59403688897477e-88
2.6179734266947554e-88
1.6693190233603356e-88
7.087388484946682e-89
1.6931093588474657e-89
6.291892203167815e-91
1.6645965627065242e-90
4.993576872077804e-90
5.4058368197744e-90
3.6032816500462515e-90
1.5746301672355294e-90
3.7821427268235224e-91
1.1632995785009133e-92
4.696606591461371e-92
1.3385642992125984e-91
1.438488738442605e-91
9.500285654587991e-92
4.029731197717864e-92
8.703759682927799e-93
6.480910494321434e-95
2.1133094629662976e-93
4.8448322238687e-93
4.8402288052479315e-93
3.0105893064579486e-93
1.1621410141507235e-93
1.9164083460832341e-94
3.3912672936168157e-96
1.2924974171020407e-94
2.2499876378018642e-94
1.9934193903900691e-94
1.1110673183608516e-94
3.583072377936036e-95
3.105989633615261e-96
1.8351748973539692e-96
9.570082823377024e-96
1.2708496161249723e-95
9.646518697784072e-96
4.547444573087253e-96
1.053877167410149e-96
4.725527680153802e-99
3.4316686108778516e-97
8.052805535611459e-97
8.313188703177652e-97
5.22184724561663e-97
1.9036868509296107e-97
2.1202660182541854e-98
7.282929314470591e-99
5.0795673992978206e-98
7.424524005966438e-98
6.007064584413297e-98
2.9561354731369365e-98
6.853334845500471e-99
3.5319640416849338e-102
3.086692645649303e-99
7.032460540660226e-99
7.276780255962957e-99
4.531057013910261e-99
1.5513473903513126e-99
1.0989044827764502e-100
1.6250119838132444e-100
7.148432336343466e-100
9.55572088153933e-100
7.290925468155608e-100
3.252871556455573e-100
5.3972993284182317e-101
4.980189546388371e-102
7.825779204091032e-101
1.3862035723293665e-100
1.274060971544863e-100
6.967428017098585e-101
1.779156995485617e-101
1.4265705387455633e-104
9.184916399523675e-102
2.2509878371704575e-101
2.4693442646920123e-101
1.597786465798773e-101
5.389340347837703e-102
2.3181819662823063e-103
1.1378277458267946e-102
4.1319362376631734e-102
5.3841181092593045e-102
4.028536646102147e-102
1.664354381789229e-102
1.7402231737528617e-103
1.4356847339790925e-103
8.638392632182347e-103
1.3338911090903145e-102
1.1354200727629269e-102
5.498004661427348e-103
9.099972346030463e-104
1.697322761694582e-104
2.068985960211568e-103
3.7818476617827267e-103
3.616601682176843e-103
1.9946582940275552e-103
4.4285895828856305e-104
1.4648821452428422e-105
5.702753145672509e-104
1.2333159192584581e-103
1.3116389749450247e-103
8.076175938405796e-104
2.211104063766322e-104
1.493947537977389e-107
1.814746500120251e-104
4.6423536064747235e-104
5.443961399593922e-104
3.6876064439566725e-104
1.1850477985181595e-104
7.929890406690609e-107
6.6797788175393504e-105
2.0212691574106208e-104
2.594790745748067e-104
1.912301813419099e-104
6.990364984125232e-105
1.8331289070247316e-106
2.8447833784160953e-105
1.0189855953378311e-104
1.4234743445129983e-104
1.1318462360683257e-104
4.6088892306726165e-105
2.3340078176504626e-106
1.3995110402428422e-105
5.9480970054310086e-105
8.999841106966548e-105
7.673038789726455e-105
3.4316093076547914e-105
2.6394328718426236e-106
7.921551466301357e-106
4.016839044572301e-105
6.5619280735146005e-105
5.973101716430599e-105
2.9065652676367688e-105
3.03006360498985e-106
5.122391467512073e-106
3.133098317818264e-105
5.517864436805046e-105
5.3491040516524725e-105
2.8158096898924194e-105
3.7410842963486177e-106
3.7410842963486177e-106
2.8158096898924194e-105
5.3491040516524725e-105
5.517864436805046e-105
3.133098317818264e-105
5.122391467512073e-106
3.03006360498985e-106
2.9065652676367688e-105
5.973101716430599e-105
6.5619280735146005e-105
4.016839044572301e-105
7.921551466301357e-106
2.6394328718426236e-106
3.4316093076547914e-105
7.673038789726455e-105
8.999841106966548e-105
5.9480970054310086e-105
1.3995110402428422e-105
2.3340078176504626e-106
4.6088892306726165e-105
1.1318462360683257e-104
1.4234743445129983e-104
1.0189855953378311e-104
2.8447833784160953e-105
1.8331289070247316e-106
6.990364984125232e-105
1.912301813419099e-104
2.594790745748067e-104
2.0212691574106208e-104
6.6797788175393504e-105
7.929890406690609e-107
1.1850477985181595e-104
3.6876064439566725e-104
5.443961399593922e-104
4.6423536064747235e-104
1.814746500120251e-104
1.493947537977389e-107
2.211104063766322e-104
8.076175938405796e-104
1.3116389749450247e-103
1.2333159192584581e-103
5.702753145672509e-104
1.4648821452428422e-105
4.4285895828856305e-104
1.9946582940275552e-103
3.616601682176843e-103
3.7818476617827267e-103
2.068985960211568e-103
1.697322761694582e-104
9.099972346030463e-104
5.498004661427348e-103
1.1354200727629269e-102
1.3338911090903145e-102
8.638392632182347e-103
1.4356847339790925e-103
1.7402231737528617e-103
1.664354381789229e-102
4.028536646102147e-102
5.3841181092593045e-102
4.1319362376631734e-102
1.1378277458267946e-102
2.3181819662823063e-103
5.389340347837703e-102
1.597786465798773e-101
2.4693442646920123e-101
2.2509878371704575e-101
9.184916399523675e-102
1.4265705387455633e-104
1.779156995485617e-101
6.967428017098585e-101
1.274060971544863e-100
1.3862035723293665e-100
7.825779204091032e-101
4.980189546388371e-102
5.3972993284182317e-101
3.252871556455573e-100
7.290925468155608e-100
9.55572088153933e-100
7.148432336343466e-100
1.6250119838132444e-100
1.0989044827764502e-100
1.5513473903513126e-99
4.531057013910261e-99
7.276780255962957e-99
7.032460540660226e-99
3.086692645649303e-99
3.5319640416849338e-102
6.853334845500471e-99
2.9561354731369365e-98
6.007064584413297e-98
7.424524005966438e-98
5.0795673992978206e-98
7.282929314470591e-99
2.1202660182541854e-98
1.9036868509296107e-97
5.22184724561663e-97
8.313188703177652e-97
8.052805535611459e-97
3.4316686108778516e-97
4.725527680153802e-99
1.053877167410149e-96
4.547444573087253e-96
9.646518697784072e-96
1.2708496161249723e-95
9.570082823377024e-96
1.8351748973539692e-96
3.105989633615261e-96
3.583072377936036e-95
1.1110673183608516e-94
1.9934193903900691e-94
2.2499876378018642e-94
1.2924974171020407e-94
3.3912672936168157e-96
1.9164083460832341e-94
1.1621410141507235e-93
3.0105893064579486e-93
4.8402288052479315e-93
4.8448322238687e-93
2.1133094629662976e-93
6.480910494321434e-95
8.703759682927799e-93
4.029731197717864e-92
9.500285654587991e-92
1.438488738442605e-91
1.3385642992125984e-91
4.696606591461371e-92
1.1632995785009133e-92
3.7821427268235224e-91
1.5746301672355294e-90
3.6032816500462515e-90
5.4058368197744e-90
4.993576872077804e-90
1.6645965627065242e-90
6.291892203167815e-91
1.6931093588474657e-89
7.087388484946682e-89
1.6693190233603356e-88
2.6179734266947554e-88
2.59403688897477e-88
1.0353140125116197e-88
1.6214823754994247e-89
7.776612846079217e-88
3.6579796525767055e-87
9.42313881792767e-87
1.631136230172592e-86
1.864204678852827e-86
1.049924225226934e-86
5.670738551998531e-90
3.3291736934826705e-86
2.0805305871886097e-85
6.307029576426133e-85
1.2722330870671271e-84
1.7714266768176636e-84
1.4732696262869916e-84
2.8795178289903086e-85
9.011177015228642e-85
1.16947695502132e-83
4.69025428202708e-83
1.1733580826635742e-82
2.0705694245993313e-82
2.4908779705335023e-82
1.5481185110884996e-82
1.2649700898488064e-84
4.640326754878245e-82
3.35612419488891e-81
1.1573561376570986e-80
2.7079580261511142e-80
4.591296316833688e-80
5.301457037757247e-80
2.9604672441483544e-80
1.8730180389093745e-82
1.4941687962124095e-79
9.922361011427281e-79
3.432826019142405e-78
8.308736136562588e-78
1.4937685997008686e-77
1.9017812610588192e-77
1.3277686464828657e-77
4.42321307771408e-79
3.476173003194375e-77
3.0353568087433e-76
1.2174936585208387e-75
3.3687808167155525e-75
7.062916609244711e-75
1.1164750552766301e-74
1.1882610093437286e-74
5.065450182130993e-75
1.7066716352532485e-75
7.386404343039837e-74
4.462485952304652e-73
1.6092312940831688e-72
4.309203921297276e-72
9.065434570616393e-72
1.4772712421633701e-71
1.678006416120027e-71
8.559312624141345e-72
1.0038780815153224e-72
9.204104158767517e-71
6.397656566483302e-70
2.578228856262599e-69
7.770042536244051e-69
1.8855324899309182e-68
3.72759847221688e-68
5.776630189360594e-68
6.1043588013018914e-68
2.378924753268212e-68
1.865161675157941e-68
6.032565300521023e-67
3.9235618595137e-66
1.620444306521905e-65
5.2125967661974905e-65
1.3970969174309566e-64
3.182978379609782e-64
6.099328108616139e-64
9.340868153385372e-64
9.808049748630725e-64
3.565643929771669e-64
4.516447950568197e-64
1.288223473705653e-62
8.803057605038082e-62
3.961146375129597e-61
1.4271638896982228e-60
4.4184868542930415e-60
1.2114553751454082e-59
2.9729295101786234e-59
6.5065266273548615e-59
1.2444352409662382e-58
1.9763704685772186e-58
2.2795523653614087e-58
1.133988734165932e-58
4.213894482759455e-59
2.4869174296672371e-57
2.0734831002579096e-56
1.1018511514130452e-55
4.7282726605166654e-55
1.7834903040257294e-54
6.157970753390735e-54
1.9910505197614504e-53
6.1143849234081575e-53
1.800389322246927e-52
5.117241286072471e-52
1.410948463859289e-51
3.7882096711491036e-51
9.933297625016314e-51
2.549910853559435e-50
6.420618233566884e-50
1.5883833248081979e-49
3.865957008177414e-49
9.268130905217923e-49
2.1907953357969083e-48
5.1105886506751024e-48
1.1774388517554563e-47
2.6810482877589244e-47
6.037235128034087e-47
1.3451781436815234e-46
2.9672050188552083e-46
6.48244853756876e-46
1.4032489216723477e-45
3.0109230400266864e-45
6.405982764811516e-45
1.3518645646946562e-44
2.830555243601958e-44
5.881953280020329e-44
1.213375287934565e-43
2.4854044065254722e-43
5.0562124021388965e-43
1.0218138539494006e-42
2.0517426200049368e-42
4.0941141577972084e-42
8.120069737178027e-42
1.6010130685349852e-41
3.1385857998689637e-41
6.1184624011815e-41
1.1862647347503639e-40
2.2877618852412765e-40
4.3892056551446135e-40
8.37838620770446e-40
1.591421268552777e-39
3.0082160099740834e-39
5.6595068354422846e-39
1.0598356633719663e-38
1.9757484660767228e-38
3.666899797586478e-38
6.776105387228618e-38
1.2468462610836645e-37
2.2847242666819983e-37
4.169442041403259e-37
7.578429126184836e-37
1.3720507828902649e-36
2.474471222353902e-36
4.445762528542374e-36
7.957765202819193e-36
1.4192058237859518e-35
2.5219502889562864e-35
4.4657162014401e-35
7.880158034865278e-35
1.385775542117458e-34
2.428785719460898e-34
4.242748729257705e-34
7.387372371474461e-34
1.2821514807318915e-33
2.218282337187645e-33
3.825985321659576e-33
6.578684391867063e-33
1.1277784718112544e-32
1.92759917561034e-32
3.2850086915412265e-32
5.582148133612024e-32
9.458645441486409e-32
1.5982199506654034e-31
2.693028707266794e-31
4.525417514323759e-31
7.584126286007033e-31
1.2676439812838776e-30
2.113241420110338e-30
3.513790578273478e-30
5.827631739060927e-30
9.640775682019186e-30
1.5909237639051992e-29
2.6188933940568555e-29
4.300615099738679e-29
7.045317761252901e-29
1.1514378949011097e-28
1.8774257367154027e-28
3.0540733259740798e-28
4.956812236691472e-28
8.026817975624585e-28
1.296921472542204e-27
2.0908574029445072e-27
3.363462102241693e-27
5.398968012667422e-27
8.647838119271535e-27
1.3822519524938957e-26
2.2047523715251917e-26
3.5094192785445e-26
5.574722157205348e-26
8.837577621645389e-26
1.39821718389239e-25
2.2077839434953728e-25
3.4792692579879563e-25
5.472400466208223e-25
8.590822250640476e-25
1.3460684305797327e-24
2.10515195217636e-24
3.2861840100756242e-24
5.120359997045523e-24
7.963742939043795e-24
1.2363740558465327e-23
1.9160467779447696e-23
2.964104002546908e-23
4.577404360180505e-23
7.05652546493273e-23
1.085964184060642e-22
1.6683996520135982e-22
2.5588899505086177e-22
3.9181122590745754e-22
5.989390077383647e-22
9.140614287607785e-22
1.3927133128239928e-21
2.1185954135264766e-21
3.2176631997372265e-21
4.879166015941536e-21
7.387018213069115e-21
1.1166506427422954e-20
1.6853727579489643e-20
2.5398668679855255e-20
3.8218005369402934e-20
5.742127421468045e-20
8.614517510204841e-20
1.2904700023289038e-19
1.9303191151448807e-19
2.883234014845539e-19
4.3003670314876433e-19
6.404882909218974e-19
9.52581238041572e-19
1.4147609256582852e-18
2.0982598479153383e-18
3.1076748406117175e-18
4.596389268350743e-18
6.789030114143014e-18
1.0014126678412671e-17
1.4751544236467164e-17
2.1701289202034865e-17
3.18831887621896e-17
4.6781118047534927e-17
6.855142385808049e-17
1.0032374749529147e-16
1.4663467749613069e-16
2.1405212400491025e-16
3.120732099781201e-16
4.544139511927575e-16
6.608594776585256e-16
9.59915296288052e-16
1.3926019513243853e-15
2.0178798767541486e-15
2.920395824143511e-15
4.2215317163773995e-15
6.095145881438075e-15
8.789974169428724e-15
1.2661472914863322e-14
1.821703300747189e-14
2.618010875732787e-14
3.758107453901256e-14
5.388580862805327e-14
7.717747313184707e-14
1.1041322153581942e-13
1.5778633138820626e-13
2.2523651703383993e-13
3.2116829904899303e-13
4.574611991537674e-13
6.508888352951462e-13
9.251103737340151e-13
1.3134623226257875e-12
1.862868334480166e-12
2.6393092065329072e-12
3.735467992760027e-12
5.281404495540253e-12
7.459444770927639e-12
1.0524929589341463e-11
1.4835099068162948e-11
2.0889264901353278e-11
2.9384627282284194e-11
4.129375486994302e-11
5.7972033007033e-11
8.130653054680539e-11
1.1392205724161279e-10
1.5946611632648537e-10
2.2300259392387148e-10
3.1155517717174623e-10
4.348567587382647e-10
6.06381967039189e-10
8.447684997202526e-10
1.1757719059595976e-9
1.6349516261498585e-9
2.2713585634781527e-9
3.152593154370541e-9
4.371737200262215e-9
6.056845309739682e-9
8.383929832509588e-9
1.159470981954437e-8
1.602085109847147e-8
2.2117043199036665e-8
3.050609645473232e-8
4.2040375698873724e-8
5.788541856680532e-8
7.963365497983654e-8
1.0945893592548862e-7
1.5032634382352275e-7
2.062768284171319e-7
2.8281303998120364e-7
3.874219165808189e-7
5.302819281621344e-7
7.252194624111688e-7
9.910010917789747e-7
1.3530783051718841e-6
1.8459412792365087e-6
2.5162918123066737e-6
3.427317190192612e-6
4.664442541540853e-6
6.34306721075942e-6
8.618961513095708e-6
0.000011702228129397204
0.000015876036179209678
0.000021521740654208645
0.000029152538495348452
0.00003945852898417945
0.00005336699828972704
0.00007212301266346953
0.00009739708325769076
0.0001314288916955297
0.00017721901596128318
0.0002387845038140483
0.0003214993126835266
0.00043254747507829824
0.0005815258888496005
0.0007812455717556694
0.001048795979037209
0.001406957768614082
0.0018860767958372893
0.002526548207120676
0.003382107003826157
0.004524183933422827
0.006047667706083485
0.008078522443283893
0.010783850930861092
0.014385180111720302
0.01917598894341914
0.02554481804894289
0.03400571869821731
0.045238345798735626
0.06014071511154404
0.07989858008115013
0.1060766051232032
0.14073810659358774
0.18660221252988732
0.24725000376155482
0.32739473177364237
0.4332358087156984
0.5729222509138506
0.7571590420245138