1.
0.94095981242892
0.8852942696831678
0.8328168519051755
0.7833509952445484
0.7367295793354172
0.6927944401815547
0.6513959072382448
0.6123923635352782
0.5756498277384329
0.5410415570974408
0.5084476702768542
0.47775478911251706
0.448855698380578
0.421649022708265
0.3960389197960442
0.37193478915939415
0.34925099563531575
0.32790660693393897
0.30782514454925475
0.28893434737515694
0.27116594740369093
0.25445545691173865
0.23874196657037602
0.22396795393788194
0.21007910182290856
0.19702412602869793
0.1847546120124903
0.17322486001647897
0.1623917382478532
0.1522145437056932
0.14265487027177493
0.133676483700749
0.12524520316271764
0.11732878900798267
0.10989683643971197
0.10292067479550605
0.09637327215337305
0.09022914499147114
0.08446427264418138
0.07905601630966205
0.07398304237603251
0.06922524984476952
0.06476370164079528
0.06058055960911927
0.05665902300778782
0.052983270316319754
0.049538404187782145
0.04631039938121041
0.04328605351921874
0.040452940523399955
0.03779936658749608
0.035314328555348336
0.032987474577325274
0.03080906692529511
0.0287699468522681
0.02686150138860143
0.02507563197214565
0.023404724814931763
0.02184162291396361
0.020379599618403032
0.019012333669927335
0.017733885637309866
0.0165386756703358
0.015421462502026636
0.014377323631817145
0.013401636625817333
0.01249006147360759
0.011638523944165804
0.010843199886518889
0.01010050042355516
0.009407057990135605
0.008759713169208056
0.008155502282065108
0.007591645691200664
0.007065536776416889
0.0065747315469191206
0.006116938854115988
0.005690011171720985
0.0052919359115348496
0.004920827244979991
0.004574918402063375
0.004252554420966977
0.003952185322909133
0.00367235968828981
0.003411718611431606
0.0031689900124596978
0.0029429832860313164
0.002732584267731868
0.002536750500003484
0.0023545067804655777
0.002184940976428552
0.0020272000902938295
0.0018804865613783427
0.0017440547905018717
0.001617207874433474
0.0014992945380107833
0.0013897062524252902
0.0012878745288097523
0.0011932683768724839
0.0011053919188992083
0.0010237821499881122
0.0009480068358992733
0.0008776625403873054
0.0008123727743472968
0.000751786259540263
0.0006955753000767384
0.000643434255226993
0.0005950781074948697
0.0005502411202405287
0.000508675579466487
0.0004701506146922983
0.0004344510941369601
0.0004013765897055918
0.00037074040753895125
0.0003423686801317728
0.00031609951625949877
0.00029178220517347097
0.0002692764717327576
0.0002484517793371745
0.00022918667771135233
0.000211368192764502
0.0001948912559154045
0.00017965817042764237
0.0001655781124467034
0.00015256666456881337
0.00014054537990164636
0.00012944137469985916
0.00011918694777410949
0.00010971922498123884
0.00010097982720599828
0.00009291456034142175
0.00008547312586603721
0.00007860885070186673
0.00007227843511789941
0.00006644171751970755
0.00006106145503738523
0.000056103118891268895
0.00005153470357819375
0.00004732654898057163
0.00004345117455655996
0.00003988312482223
0.000036598825386126394
0.00003357644884312048
0.00003079578987816709
0.000028238148971640938
0.000025886224136505995
0.000023724010153804777
0.000021736704806979028
0.000019910621647479133
0.000018233108854106985
0.000016692473776681548
0.00001527791278102587
0.000013979446037051428
0.000012787856914956544
0.000011694635676351718
0.00001069192716756156
9.772482241512033e-6
8.929612652568892e-6
8.15714918552118e-6
7.449402795669712e-6
6.801128551749328e-6
6.207492187245117e-6
5.664039078614135e-6
5.1666654810486185e-6
4.7115918637649925e-6
4.295338197422562e-6
3.914701056211298e-6
3.5667324064419895e-6
3.2487199621635207e-6
2.9581689964588014e-6
2.6927855046678145e-6
2.4504606228864557e-6
2.2292562117244097e-6
2.027391521503393e-6
1.8432308608661891e-6
1.6752721961728113e-6
1.5221366141070947e-6
1.3825585846278702e-6
1.2553769657949788e-6
1.1395266961018787e-6
1.03403112377236e-6
9.379949260466399e-7
8.505975748085046e-7
7.710873080058036e-7
6.98775569206163e-7
6.330318803219791e-7
5.732791150464982e-7
5.189891428781624e-7
4.696788157847326e-7
4.249062715826129e-7
3.8426752999025025e-7
3.4739335906678733e-7
3.139463913770425e-7
2.836184707395585e-7
2.5612821182355026e-7
2.3121875617027235e-7
2.086557094313095e-7
1.8822524574685867e-7
1.6973236623707913e-7
1.5299929955453291e-7
1.3786403335074947e-7
1.2417896634982897e-7
1.118096715012261e-7
1.0063376140662306e-7
9.053984788601965e-8
8.142658816949097e-8
7.320181077690542e-8
6.578171468143784e-8
5.909013584692941e-8
5.305787568680732e-8
4.762208641597246e-8
4.272570865919962e-8
3.831695704242401e-8
3.4348849828902776e-8
3.0778778972594156e-8
2.756811724800805e-8
2.468185938094424e-8
2.2088294349524357e-8
1.9758706251209998e-8
1.766710134044651e-8
1.578995903445191e-8
1.4106004862664065e-8
1.2596003499566142e-8
1.12425701720513e-8
1.00299988721124e-8
8.944105934332685e-9
7.972087656228098e-9
7.102390748711723e-9
6.324594504521585e-9
5.6293036650299705e-9
5.0080510510431275e-9
4.453209101568502e-9
3.957909536595035e-9
3.515970426184935e-9
3.1218300090616575e-9
2.7704866598142914e-9
2.4574444552082177e-9
2.1786638372523853e-9
1.930516913954508e-9
1.7097469784024121e-9
1.5134318632247852e-9
1.3389507808688322e-9
1.1839543307270708e-9
1.0463373821736539e-9
9.242145682381366e-10
8.158981481416794e-10
7.198780184228523e-10
6.348036720494783e-10
5.594679228987632e-10
4.927922294281506e-10
4.3381346638091884e-10
3.8167200709063125e-10
3.3560099147499277e-10
2.9491666624179526e-10
2.5900969425889394e-10
2.2733733955069625e-10
1.9941644305286875e-10
1.748171121560745e-10
1.531570542639685e-10
1.3409649114054233e-10
1.173335967824521e-10
1.026004069739047e-10
8.96591536115683e-11
7.829898136752496e-11
6.833300832867267e-11
5.95956959471222e-11
5.194049699093707e-11
4.523775322818294e-11
3.937281733729378e-11
3.424437603850035e-11
2.9762953707621757e-11
2.5849577786041975e-11
2.2434589158511157e-11
1.945658235119362e-11
1.6861461922265538e-11
1.4601602791079333e-11
1.2635103492903257e-11
1.0925122466778885e-11
9.43928849529975e-12
8.149177327293289e-12
7.029847336771448e-12
6.059427812556955e-12
5.218754140388192e-12
4.491044740055675e-12
3.861615160593264e-12
3.317625222522189e-12
2.8478555328816012e-12
2.4425100910469875e-12
2.093042055468167e-12
1.7920000573795732e-12
1.5328927308083632e-12
1.31006938205751e-12
1.1186149491940482e-12
9.542576055725605e-13
8.132875434643567e-13
6.924856366079092e-13
5.890608259020014e-13
5.005952022965087e-13
4.2499587679181634e-13
3.6045283077566595e-13
3.054020320034845e-13
2.584931835345227e-13
2.1856154592487872e-13
1.8460333789800216e-13
1.5575427841670573e-13
1.3127088433513482e-13
1.1051418330383161e-13
9.293554195495592e-14
7.806434516340146e-14
6.549729386120522e-14
5.488911692386932e-14
4.5944517448016996e-14
3.8411195658272344e-14
3.2073810037712926e-14
2.6748755357060152e-14
2.2279651338768866e-14
1.8533448961742087e-14
1.5397073094277684e-14
1.277453041869234e-14
1.0584420642678735e-14
8.7577969238843e-15
7.236328393592808e-15
5.970723766645008e-15
4.919380369020939e-15
4.047227591615192e-15
3.3247378682986724e-15
2.7270818489406397e-15
2.2334075561436962e-15
1.8262260332995772e-15
1.4908883600700388e-15
1.2151409726947832e-15
9.887480187160745e-16
8.031710323719164e-16
6.512975676334365e-16
5.272115966896265e-16
4.2599949551522854e-16
3.435863151163891e-16
2.76597794795419e-16
2.222442277990323e-16
1.7822285358323423e-16
1.4263593651928613e-16
1.1392210856366043e-16
9.079891229173303e-17
7.22147886656703e-17
5.730901787148988e-17
4.537834752690712e-17
3.5849235756533424e-17
2.8254801595236096e-17
2.2215715855142186e-17
1.7424385393545046e-17
1.3631885606415109e-17
1.0637182504187322e-17
8.278259113495731e-18
6.424823097780039e-18
4.9723250447122835e-18
3.837061243646907e-18
2.9521721875408805e-18
2.264379524606445e-18
1.7313306499347866e-18
1.319442332272532e-18
1.0021533706916146e-18
7.58511828886147e-19
5.720353775782316e-19
4.297940934125471e-19
3.2167406026883254e-19
2.397875884204582e-19
1.7800205602538095e-19
1.315644954627497e-19
9.680327083156317e-20
7.089167153212075e-20
5.166110564455786e-20
3.74539211120614e-20
2.700780081448698e-20
1.936524335336359e-20
1.380291645441145e-20
9.776705747507425e-21
6.87912107480058e-21
4.80640090388389e-21
3.3332022854003813e-21
2.2932033897632925e-21
1.564298018381413e-21
1.057343088966634e-21
7.076444635484501e-22
4.685446892174812e-22
3.0661729091606763e-22
1.9808354978854684e-22
1.261551934660018e-22
7.907495296517102e-23
4.8680409249662866e-23
2.935810339605174e-23
1.7287038764577586e-23
9.895477415754034e-24
5.473932556541895e-24
2.901759464505108e-24
1.4557580372168648e-24
6.77515827902934e-25
2.824650145877651e-25
9.828768597512692e-26
2.3760313754962663e-26
1.6738990390925134e-27
1.327191171755561e-27
7.439886114666769e-27
1.3302880387515345e-26
1.6673519763776563e-26
1.741063375345113e-26
1.6183274719201304e-26
1.3820255036943914e-26
1.102554982185615e-26
8.289852612547289e-27
5.897265957320287e-27
3.969889772773435e-27
2.520149517975714e-27
1.496815402190147e-27
8.197441664978096e-28
4.030896139802768e-28
1.6883984184243809e-28
5.318596404766674e-29
8.120592740518436e-30
2.311285976346267e-31
8.133933195807771e-30
1.951438558689409e-29
2.8347330961648253e-29
3.258472095973064e-29
3.2403601108832934e-29
2.8990355902601105e-29
2.3776606023052953e-29
1.8020346939774035e-29
1.2628063203042684e-29
8.128538717557786e-30
4.729186629270083e-30
2.4060372461468224e-30
9.963038175093295e-31
2.764869895637327e-31
1.907954451671542e-32
2.7484166295505516e-32
1.524343692187946e-31
2.947668669399765e-31
3.995383052366773e-31
4.458001795128828e-31
4.352916407731312e-31
3.8219087620644665e-31
3.050714402074321e-31
2.214346874300746e-31
1.4465906881343193e-31
8.290290950255195e-32
3.9376561729692905e-32
1.3410617790926932e-32
1.8386191102982515e-33
3.4242549484602525e-34
4.543626619459202e-33
1.0743586320330407e-32
1.6306308567317593e-32
1.9738636015721605e-32
2.0553322023983587e-32
1.900767582056899e-32
1.5800729061871722e-32
1.179225610934369e-32
7.783647211312848e-33
4.378286130246997e-33
1.9207967905691988e-33
5.018318393868882e-34
8.235321304378592e-36
1.967488934840242e-34
7.717123924508274e-34
1.4519752619368601e-33
2.0180680795332136e-33
2.3363959646053197e-33
2.3619559945913293e-33
2.1243638732850436e-33
1.703656843366475e-33
1.2025513738426793e-33
7.208953221634836e-34
3.3638235878427473e-34
9.362327855339375e-35
1.7750443054853416e-36
3.939955923518877e-35
1.6422955429747826e-34
3.2511115786083603e-34
4.7352335251203e-34
5.726212282514715e-34
6.025483438168703e-34
5.6163930501213e-34
4.639303405142764e-34
3.339948862006948e-34
2.0045446467589457e-34
8.956638382919279e-35
2.00900171955848e-35
2.4949255760000212e-37
2.71301411371776e-35
8.836145312027651e-35
1.655329497639451e-34
2.3852212628855647e-34
2.8981749770101287e-34
3.0799590538571062e-34
2.89734395389306e-34
2.400542059864428e-34
1.708463448945986e-34
9.80516620515083e-35
3.810826493315062e-35
4.397204618906197e-36
4.397204618906197e-36
3.810826493315062e-35
9.80516620515083e-35
1.708463448945986e-34
2.400542059864428e-34
2.89734395389306e-34
3.0799590538571062e-34
2.8981749770101287e-34
2.3852212628855647e-34
1.655329497639451e-34
8.836145312027651e-35
2.71301411371776e-35
2.4949255760000212e-37
2.00900171955848e-35
8.956638382919279e-35
2.0045446467589457e-34
3.339948862006948e-34
4.639303405142764e-34
5.6163930501213e-34
6.025483438168703e-34
5.726212282514715e-34
4.7352335251203e-34
3.2511115786083603e-34
1.6422955429747826e-34
3.939955923518877e-35
1.7750443054853416e-36
9.362327855339375e-35
3.3638235878427473e-34
7.208953221634836e-34
1.2025513738426793e-33
1.703656843366475e-33
2.1243638732850436e-33
2.3619559945913293e-33
2.3363959646053197e-33
2.0180680795332136e-33
1.4519752619368601e-33
7.717123924508274e-34
1.967488934840242e-34
8.235321304378592e-36
5.018318393868882e-34
1.9207967905691988e-33
4.378286130246997e-33
7.783647211312848e-33
1.179225610934369e-32
1.5800729061871722e-32
1.900767582056899e-32
2.0553322023983587e-32
1.9738636015721605e-32
1.6306308567317593e-32
1.0743586320330407e-32
4.543626619459202e-33
3.4242549484602525e-34
1.8386191102982515e-33
1.3410617790926932e-32
3.9376561729692905e-32
8.290290950255195e-32
1.4465906881343193e-31
2.214346874300746e-31
3.050714402074321e-31
3.8219087620644665e-31
4.352916407731312e-31
4.458001795128828e-31
3.995383052366773e-31
2.947668669399765e-31
1.524343692187946e-31
2.7484166295505516e-32
1.907954451671542e-32
2.764869895637327e-31
9.963038175093295e-31
2.4060372461468224e-30
4.729186629270083e-30
8.128538717557786e-30
1.2628063203042684e-29
1.8020346939774035e-29
2.3776606023052953e-29
2.8990355902601105e-29
3.2403601108832934e-29
3.258472095973064e-29
2.8347330961648253e-29
1.951438558689409e-29
8.133933195807771e-30
2.311285976346267e-31
8.120592740518436e-30
5.318596404766674e-29
1.6883984184243809e-28
4.030896139802768e-28
8.197441664978096e-28
1.496815402190147e-27
2.520149517975714e-27
3.969889772773435e-27
5.897265957320287e-27
8.289852612547289e-27
1.102554982185615e-26
1.3820255036943914e-26
1.6183274719201304e-26
1.741063375345113e-26
1.6673519763776563e-26
1.3302880387515345e-26
7.439886114666769e-27
1.327191171755561e-27
1.6738990390925134e-27
2.3760313754962663e-26
9.828768597512692e-26
2.824650145877651e-25
6.77515827902934e-25
1.4557580372168648e-24
2.901759464505108e-24
5.473932556541895e-24
9.895477415754034e-24
1.7287038764577586e-23
2.935810339605174e-23
4.8680409249662866e-23
7.907495296517102e-23
1.261551934660018e-22
1.9808354978854684e-22
3.0661729091606763e-22
4.685446892174812e-22
7.076444635484501e-22
1.057343088966634e-21
1.564298018381413e-21
2.2932033897632925e-21
3.3332022854003813e-21
4.80640090388389e-21
6.87912107480058e-21
9.776705747507425e-21
1.380291645441145e-20
1.936524335336359e-20
2.700780081448698e-20
3.74539211120614e-20
5.166110564455786e-20
7.089167153212075e-20
9.680327083156317e-20
1.315644954627497e-19
1.7800205602538095e-19
2.397875884204582e-19
3.2167406026883254e-19
4.297940934125471e-19
5.720353775782316e-19
7.58511828886147e-19
1.0021533706916146e-18
1.319442332272532e-18
1.7313306499347866e-18
2.264379524606445e-18
2.9521721875408805e-18
3.837061243646907e-18
4.9723250447122835e-18
6.424823097780039e-18
8.278259113495731e-18
1.0637182504187322e-17
1.3631885606415109e-17
1.7424385393545046e-17
2.2215715855142186e-17
2.8254801595236096e-17
3.5849235756533424e-17
4.537834752690712e-17
5.730901787148988e-17
7.22147886656703e-17
9.079891229173303e-17
1.1392210856366043e-16
1.4263593651928613e-16
1.7822285358323423e-16
2.222442277990323e-16
2.76597794795419e-16
3.435863151163891e-16
4.2599949551522854e-16
5.272115966896265e-16
6.512975676334365e-16
8.031710323719164e-16
9.887480187160745e-16
1.2151409726947832e-15
1.4908883600700388e-15
1.8262260332995772e-15
2.2334075561436962e-15
2.7270818489406397e-15
3.3247378682986724e-15
4.047227591615192e-15
4.919380369020939e-15
5.970723766645008e-15
7.236328393592808e-15
8.7577969238843e-15
1.0584420642678735e-14
1.277453041869234e-14
1.5397073094277684e-14
1.8533448961742087e-14
2.2279651338768866e-14
2.6748755357060152e-14
3.2073810037712926e-14
3.8411195658272344e-14
4.5944517448016996e-14
5.488911692386932e-14
6.549729386120522e-14
7.806434516340146e-14
9.293554195495592e-14
1.1051418330383161e-13
1.3127088433513482e-13
1.5575427841670573e-13
1.8460333789800216e-13
2.1856154592487872e-13
2.584931835345227e-13
3.054020320034845e-13
3.6045283077566595e-13
4.2499587679181634e-13
5.005952022965087e-13
5.890608259020014e-13
6.924856366079092e-13
8.132875434643567e-13
9.542576055725605e-13
1.1186149491940482e-12
1.31006938205751e-12
1.5328927308083632e-12
1.7920000573795732e-12
2.093042055468167e-12
2.4425100910469875e-12
2.8478555328816012e-12
3.317625222522189e-12
3.861615160593264e-12
4.491044740055675e-12
5.218754140388192e-12
6.059427812556955e-12
7.029847336771448e-12
8.149177327293289e-12
9.43928849529975e-12
1.0925122466778885e-11
1.2635103492903257e-11
1.4601602791079333e-11
1.6861461922265538e-11
1.945658235119362e-11
2.2434589158511157e-11
2.5849577786041975e-11
2.9762953707621757e-11
3.424437603850035e-11
3.937281733729378e-11
4.523775322818294e-11
5.194049699093707e-11
5.95956959471222e-11
6.833300832867267e-11
7.829898136752496e-11
8.96591536115683e-11
1.026004069739047e-10
1.173335967824521e-10
1.3409649114054233e-10
1.531570542639685e-10
1.748171121560745e-10
1.9941644305286875e-10
2.2733733955069625e-10
2.5900969425889394e-10
2.9491666624179526e-10
3.3560099147499277e-10
3.8167200709063125e-10
4.3381346638091884e-10
4.927922294281506e-10
5.594679228987632e-10
6.348036720494783e-10
7.198780184228523e-10
8.158981481416794e-10
9.242145682381366e-10
1.0463373821736539e-9
1.1839543307270708e-9
1.3389507808688322e-9
1.5134318632247852e-9
1.7097469784024121e-9
1.930516913954508e-9
2.1786638372523853e-9
2.4574444552082177e-9
2.7704866598142914e-9
3.1218300090616575e-9
3.515970426184935e-9
3.957909536595035e-9
4.453209101568502e-9
5.0080510510431275e-9
5.6293036650299705e-9
6.324594504521585e-9
7.102390748711723e-9
7.972087656228098e-9
8.944105934332685e-9
1.00299988721124e-8
1.12425701720513e-8
1.2596003499566142e-8
1.4106004862664065e-8
1.578995903445191e-8
1.766710134044651e-8
1.9758706251209998e-8
2.2088294349524357e-8
2.468185938094424e-8
2.756811724800805e-8
3.0778778972594156e-8
3.4348849828902776e-8
3.831695704242401e-8
4.272570865919962e-8
4.762208641597246e-8
5.305787568680732e-8
5.909013584692941e-8
6.578171468143784e-8
7.320181077690542e-8
8.142658816949097e-8
9.053984788601965e-8
1.0063376140662306e-7
1.118096715012261e-7
1.2417896634982897e-7
1.3786403335074947e-7
1.5299929955453291e-7
1.6973236623707913e-7
1.8822524574685867e-7
2.086557094313095e-7
2.3121875617027235e-7
2.5612821182355026e-7
2.836184707395585e-7
3.139463913770425e-7
3.4739335906678733e-7
3.8426752999025025e-7
4.249062715826129e-7
4.696788157847326e-7
5.189891428781624e-7
5.732791150464982e-7
6.330318803219791e-7
6.98775569206163e-7
7.710873080058036e-7
8.505975748085046e-7
9.379949260466399e-7
1.03403112377236e-6
1.1395266961018787e-6
1.2553769657949788e-6
1.3825585846278702e-6
1.5221366141070947e-6
1.6752721961728113e-6
1.8432308608661891e-6
2.027391521503393e-6
2.2292562117244097e-6
2.4504606228864557e-6
2.6927855046678145e-6
2.9581689964588014e-6
3.2487199621635207e-6
3.5667324064419895e-6
3.914701056211298e-6
4.295338197422562e-6
4.7115918637649925e-6
5.1666654810486185e-6
5.664039078614135e-6
6.207492187245117e-6
6.801128551749328e-6
7.449402795669712e-6
8.15714918552118e-6
8.929612652568892e-6
9.772482241512033e-6
0.00001069192716756156
0.000011694635676351718
0.000012787856914956544
0.000013979446037051428
0.00001527791278102587
0.000016692473776681548
0.000018233108854106985
0.000019910621647479133
0.000021736704806979028
0.000023724010153804777
0.000025886224136505995
0.000028238148971640938
0.00003079578987816709
0.00003357644884312048
0.000036598825386126394
0.00003988312482223
0.00004345117455655996
0.00004732654898057163
0.00005153470357819375
0.000056103118891268895
0.00006106145503738523
0.00006644171751970755
0.00007227843511789941
0.00007860885070186673
0.00008547312586603721
0.00009291456034142175
0.00010097982720599828
0.00010971922498123884
0.00011918694777410949
0.00012944137469985916
0.00014054537990164636
0.00015256666456881337
0.0001655781124467034
0.00017965817042764237
0.0001948912559154045
0.000211368192764502
0.00022918667771135233
0.0002484517793371745
0.0002692764717327576
0.00029178220517347097
0.00031609951625949877
0.0003423686801317728
0.00037074040753895125
0.0004013765897055918
0.0004344510941369601
0.0004701506146922983
0.000508675579466487
0.0005502411202405287
0.0005950781074948697
0.000643434255226993
0.0006955753000767384
0.000751786259540263
0.0008123727743472968
0.0008776625403873054
0.0009480068358992733
0.0010237821499881122
0.0011053919188992083
0.0011932683768724839
0.0012878745288097523
0.0013897062524252902
0.0014992945380107833
0.001617207874433474
0.0017440547905018717
0.0018804865613783427
0.0020272000902938295
0.002184940976428552
0.0023545067804655777
0.002536750500003484
0.002732584267731868
0.0029429832860313164
0.0031689900124596978
0.003411718611431606
0.00367235968828981
0.003952185322909133
0.004252554420966977
0.004574918402063375
0.004920827244979991
0.0052919359115348496
0.005690011171720985
0.006116938854115988
0.0065747315469191206
0.007065536776416889
0.007591645691200664
0.008155502282065108
0.008759713169208056
0.009407057990135605
0.01010050042355516
0.010843199886518889
0.011638523944165804
0.01249006147360759
0.013401636625817333
0.014377323631817145
0.015421462502026636
0.0165386756703358
0.017733885637309866
0.019012333669927335
0.020379599618403032
0.02184162291396361
0.023404724814931763
0.02507563197214565
0.02686150138860143
0.0287699468522681
0.03080906692529511
0.032987474577325274
0.035314328555348336
0.03779936658749608
0.040452940523399955
0.04328605351921874
0.04631039938121041
0.049538404187782145
0.052983270316319754
0.05665902300778782
0.06058055960911927
0.06476370164079528
0.06922524984476952
0.07398304237603251
0.07905601630966205
0.08446427264418138
0.09022914499147114
0.09637327215337305
0.10292067479550605
0.10989683643971197
0.11732878900798267
0.12524520316271764
0.133676483700749
0.14265487027177493
0.1522145437056932
0.1623917382478532
0.17322486001647897
0.1847546120124903
0.19702412602869793
0.21007910182290856
0.22396795393788194
0.23874196657037602
0.25445545691173865
0.27116594740369093
0.28893434737515694
0.30782514454925475
0.32790660693393897
0.34925099563531575
0.37193478915939415
0.3960389197960442
0.421649022708265
0.448855698380578
0.47775478911251706
0.5084476702768542
0.5410415570974408
0.5756498277384329
0.6123923635352782
0.6513959072382448
0.6927944401815547
0.7367295793354172
0.7833509952445484
0.8328168519051755
0.8852942696831678
0.94095981242892