1.
0.8109828667424884
0.6561627745081203
0.529633957163228
0.4264612500984912
0.3425288049220794
0.2744110815002527
0.21926303183795615
0.17472679022277623
0.1388525357604357
0.11003150228171796
0.08693938142373439
0.06848860180947096
0.053788174544135425
0.042109976182085895
0.0328604979917705
0.025557227522191018
0.019808947615894638
0.015299341312076123
0.011773380486534738
0.00902605331098681
0.0068930522135646575
0.0052431013395746245
0.003971651742943869
0.002995714739086009
0.0022496399477861914
0.0016816753662799143
0.0012511730539926085
0.0009263263084698601
0.0006823431149870137
0.0004999766384053793
0.000364347011458843
0.000264000020678939
0.0001901578134104746
0.0001361247183867143
0.0000968179225875947
0.00006839828057555253
0.00004798112277493242
0.00003341072504872637
0.000023085230691018348
0.00001582138613767912
0.000010750555629058304
7.239196051021958e-6
4.828367469515571e-6
3.187983308199691e-6
2.0824136430456985e-6
1.3447850327426003e-6
8.579035091667075e-7
5.401911411707573e-7
3.3539360692241797e-7
2.0510516769459016e-7
1.233837110046e-7
7.290472028466368e-8
4.223940275210339e-8
2.3947102422170398e-8
1.3252273290200958e-8
7.137097711338328e-9
3.726629633592048e-9
1.8775564172932922e-9
9.070193576492355e-10
4.1654066217797465e-10
1.7963288771376564e-10
7.139971649922294e-11
2.5360320438080065e-11
7.594122815722366e-12
1.675048944595831e-12
1.6780128810255727e-13
6.496635334643791e-15
9.719229287190546e-14
1.458091334697672e-13
1.2955395096104124e-13
8.58081056499247e-14
4.458639893340451e-14
1.7636432401909015e-14
4.551940826748342e-15
3.5745669775977574e-16
1.6555852637989008e-16
9.00568303358292e-16
1.2760616350359375e-15
1.1203339989909955e-15
7.016205193805054e-16
3.054145582411723e-16
7.19182056126028e-17
7.536174946865051e-19
2.130223182132433e-17
5.995778069769776e-17
7.536408948125364e-17
6.174211805350876e-17
3.4106188844106666e-17
1.0432697775587857e-17
3.3493811126965356e-19
2.7941567225729415e-18
1.0387199372325965e-17
1.547031992690021e-17
1.4506859394292212e-17
8.886150060245311e-18
2.79579664063752e-18
2.3988479640937025e-20
1.6622018615166208e-18
5.80724179702602e-18
9.119816832663359e-18
9.119816832663359e-18
5.80724179702602e-18
1.6622018615166208e-18
2.3988479640937025e-20
2.79579664063752e-18
8.886150060245311e-18
1.4506859394292212e-17
1.547031992690021e-17
1.0387199372325965e-17
2.7941567225729415e-18
3.3493811126965356e-19
1.0432697775587857e-17
3.4106188844106666e-17
6.174211805350876e-17
7.536408948125364e-17
5.995778069769776e-17
2.130223182132433e-17
7.536174946865051e-19
7.19182056126028e-17
3.054145582411723e-16
7.016205193805054e-16
1.1203339989909955e-15
1.2760616350359375e-15
9.00568303358292e-16
1.6555852637989008e-16
3.5745669775977574e-16
4.551940826748342e-15
1.7636432401909015e-14
4.458639893340451e-14
8.58081056499247e-14
1.2955395096104124e-13
1.458091334697672e-13
9.719229287190546e-14
6.496635334643791e-15
1.6780128810255727e-13
1.675048944595831e-12
7.594122815722366e-12
2.5360320438080065e-11
7.139971649922294e-11
1.7963288771376564e-10
4.1654066217797465e-10
9.070193576492355e-10
1.8775564172932922e-9
3.726629633592048e-9
7.137097711338328e-9
1.3252273290200958e-8
2.3947102422170398e-8
4.223940275210339e-8
7.290472028466368e-8
1.233837110046e-7
2.0510516769459016e-7
3.3539360692241797e-7
5.401911411707573e-7
8.579035091667075e-7
1.3447850327426003e-6
2.0824136430456985e-6
3.187983308199691e-6
4.828367469515571e-6
7.239196051021958e-6
0.000010750555629058304
0.00001582138613767912
0.000023085230691018348
0.00003341072504872637
0.00004798112277493242
0.00006839828057555253
0.0000968179225875947
0.0001361247183867143
0.0001901578134104746
0.000264000020678939
0.000364347011458843
0.0004999766384053793
0.0006823431149870137
0.0009263263084698601
0.0012511730539926085
0.0016816753662799143
0.0022496399477861914
0.002995714739086009
0.003971651742943869
0.0052431013395746245
0.0068930522135646575
0.00902605331098681
0.011773380486534738
0.015299341312076123
0.019808947615894638
0.025557227522191018
0.0328604979917705
0.042109976182085895
0.053788174544135425
0.06848860180947096
0.08693938142373439
0.11003150228171796
0.1388525357604357
0.17472679022277623
0.21926303183795615
0.2744110815002527
0.3425288049220794
0.4264612500984912
0.529633957163228
0.6561627745081203
0.8109828667424884