1.
0.8103972152220843
0.656129449223045
0.5307267072293419
0.42888246396868224
0.3462482804621906
0.279263994716041
0.22501744344371946
0.18112867813709943
0.14565448085461918
0.11700968922502952
0.09390242849459096
0.07528083962197851
0.060289302157629926
0.048232492156255656
0.03854589978507089
0.03077166795380841
0.02453881005586314
0.019547028360157818
0.015553490253408969
0.012362032029232636
0.009814353126894899
0.007782840877673621
0.006164729627626006
0.004877350832168333
0.003854274245747237
0.0030421762305962666
0.002398300790922959
0.001888403291849878
0.001485086851329116
0.0011664578499661076
0.0009150405121601038
0.0007169015894656572
0.0005609452520443337
0.00043834572104354137
0.0003420912468085591
0.00026661799708063857
0.00020751646550027354
0.00016129630846996532
0.00012519820332330438
0.0000970435043415758
0.00007511424712718124
0.000058057491447408176
0.00004480915962897367
0.00003453347248538315
0.00002657484898495836
0.000020419753255417353
0.00001566647070550399
0.000012001196568749336
9.179143408938812e-6
7.0096340236217536e-6
5.344354897852528e-6
4.0681127679055565e-6
3.0915709622620556e-6
2.345549483141672e-6
1.7765585269976176e-6
1.3433035607697913e-6
1.0139545985008391e-6
7.640157227125142e-7
5.746653913788213e-7
4.3146545366742655e-7
3.233585030668281e-7
2.418903780231664e-7
1.806082014734394e-7
1.345950707265799e-7
1.0011095852216754e-7
7.431603597633377e-8
5.505785396225962e-8
4.0707920025194e-8
3.003642058751595e-8
2.211635131300889e-8
1.6250281303223204e-8
1.1914507353317168e-8
8.716546060788883e-9
6.362837716485123e-9
4.634254542420009e-9
3.3675625248761833e-9
2.441416582877443e-9
1.7658011389797326e-9
1.2740842534568109e-9
9.170504781668521e-10
6.584288455535696e-10
4.715483354970118e-10
3.368418445923521e-10
2.3998739302633883e-10
1.705269028123873e-10
1.2084212440302538e-10
8.539707553615237e-11
6.017891942311561e-11
4.2286265588189676e-11
2.962674289916288e-11
2.069537918679734e-11
1.441259616944153e-11
1.000608010192765e-11
6.924865148938815e-12
4.7770078355924525e-12
3.284494667546068e-12
2.2507059708852017e-12
1.537004201929755e-12
1.0459351165696186e-12
7.092084243187355e-13
4.791232060173042e-13
3.2246904284768367e-13
2.1620124333114438e-13
1.4438362341145995e-13
9.603418448968462e-14
6.361195254394251e-14
4.195767798549445e-14
2.7554775051903764e-14
1.8015473924353773e-14
1.172482266290393e-14
7.594943229424485e-15
4.896025368999056e-15
3.1405377473205507e-15
2.0042083611671637e-15
1.2723135234258396e-15
8.033192253286503e-16
5.043724253488653e-16
3.1485154854549767e-16
1.953750941033494e-16
1.204908121565793e-16
7.383580270687945e-17
4.4947890638758455e-17
2.717534759785188e-17
1.6313653507331898e-17
9.721121589954799e-18
5.748309173032988e-18
3.371955952704528e-18
1.9615064146176802e-18
1.131094352640825e-18
6.4629359825975e-19
3.6575215951481864e-19
2.0490621103754031e-19
1.135789479023782e-19
6.225196062077302e-20
3.3715457781576454e-20
1.803015124919865e-20
9.512526523212866e-21
4.946529575306247e-21
2.5324153045107198e-21
1.2748103240748957e-21
6.300660688330542e-22
3.0520512727128235e-22
1.4459235152332333e-22
6.682322220848236e-23
3.0029350032969674e-23
1.3068575019212058e-23
5.478384927301455e-24
2.1961903644502234e-24
8.333319056749503e-25
2.9471402027105205e-25
9.474705790909077e-26
2.6464839103467e-26
5.826809842514197e-27
7.5686423534230905e-28
3.7887749561578516e-30
9.500604757422628e-29
1.8494054761270567e-28
1.7872732121805695e-28
1.278847246653573e-28
7.561765941905435e-29
3.838033505908701e-29
1.681977544600754e-29
6.235366123616211e-30
1.8372878291854246e-30
3.5993406330252687e-31
1.9749829115658847e-32
1.1547322796553405e-32
4.6202419656984776e-32
5.600044907309925e-32
4.490563311462706e-32
2.7934060165332494e-32
1.4065625959983753e-32
5.657382113349064e-33
1.6724431907099158e-33
2.6930145971287012e-34
6.033850889318724e-37
6.064023463212818e-35
1.2652131093057198e-34
1.3005181202277412e-34
9.436419341568257e-35
5.257703401944008e-35
2.2322153532581411e-35
6.470922293292618e-36
7.929616000806e-37
4.321170180188478e-38
6.666052528006587e-37
1.0920472514868133e-36
1.0279783840824292e-36
6.934876497062813e-37
3.473680712832575e-37
1.196711052164559e-37
1.9675085046358004e-38
1.0086668904119474e-40
1.0488463844921429e-38
2.0718292699677148e-38
2.1536983676086743e-38
1.5481348127762025e-38
8.000774933533497e-39
2.6854994207839446e-39
3.408960008133788e-40
4.54494555104578e-41
5.050710131944404e-40
8.593286225906179e-40
8.428405004328613e-40
5.728317969464878e-40
2.673893773192231e-40
6.863151736162764e-41
1.4365671889639168e-42
1.6239694566562638e-41
5.004979787999454e-41
6.478869635952903e-41
5.423896936587403e-41
3.1188586775834695e-41
1.086931297366058e-41
1.0335378750741894e-42
7.637027977419053e-43
4.6279083354180617e-42
7.54117523937058e-42
7.381916396976196e-42
4.888105100855871e-42
2.017218874247376e-42
2.941221075049262e-43
6.408807408980234e-44
7.140217170117703e-43
1.3691568157801351e-42
1.493725825498722e-42
1.085585052613068e-42
4.9260134508389524e-43
8.354368984965321e-44
1.2455270122244408e-44
1.855370033180208e-43
3.88808145857325e-43
4.5346489872095826e-43
3.488221360179901e-43
1.657129539003543e-43
2.829396214632884e-44
5.818701013659087e-45
7.905508061404329e-44
1.7044192183778775e-43
2.059632318339446e-43
1.6340319759837726e-43
7.853060858565301e-44
1.2121205680566063e-44
5.11651204264528e-45
5.288255704253077e-44
1.1321167025612973e-43
1.3910568228172837e-43
1.1205686872201069e-43
5.33005272600945e-44
6.763567800010887e-45
6.763567800010887e-45
5.33005272600945e-44
1.1205686872201069e-43
1.3910568228172837e-43
1.1321167025612973e-43
5.288255704253077e-44
5.11651204264528e-45
1.2121205680566063e-44
7.853060858565301e-44
1.6340319759837726e-43
2.059632318339446e-43
1.7044192183778775e-43
7.905508061404329e-44
5.818701013659087e-45
2.829396214632884e-44
1.657129539003543e-43
3.488221360179901e-43
4.5346489872095826e-43
3.88808145857325e-43
1.855370033180208e-43
1.2455270122244408e-44
8.354368984965321e-44
4.9260134508389524e-43
1.085585052613068e-42
1.493725825498722e-42
1.3691568157801351e-42
7.140217170117703e-43
6.408807408980234e-44
2.941221075049262e-43
2.017218874247376e-42
4.888105100855871e-42
7.381916396976196e-42
7.54117523937058e-42
4.6279083354180617e-42
7.637027977419053e-43
1.0335378750741894e-42
1.086931297366058e-41
3.1188586775834695e-41
5.423896936587403e-41
6.478869635952903e-41
5.004979787999454e-41
1.6239694566562638e-41
1.4365671889639168e-42
6.863151736162764e-41
2.673893773192231e-40
5.728317969464878e-40
8.428405004328613e-40
8.593286225906179e-40
5.050710131944404e-40
4.54494555104578e-41
3.408960008133788e-40
2.6854994207839446e-39
8.000774933533497e-39
1.5481348127762025e-38
2.1536983676086743e-38
2.0718292699677148e-38
1.0488463844921429e-38
1.0086668904119474e-40
1.9675085046358004e-38
1.196711052164559e-37
3.473680712832575e-37
6.934876497062813e-37
1.0279783840824292e-36
1.0920472514868133e-36
6.666052528006587e-37
4.321170180188478e-38
7.929616000806e-37
6.470922293292618e-36
2.2322153532581411e-35
5.257703401944008e-35
9.436419341568257e-35
1.3005181202277412e-34
1.2652131093057198e-34
6.064023463212818e-35
6.033850889318724e-37
2.6930145971287012e-34
1.6724431907099158e-33
5.657382113349064e-33
1.4065625959983753e-32
2.7934060165332494e-32
4.490563311462706e-32
5.600044907309925e-32
4.6202419656984776e-32
1.1547322796553405e-32
1.9749829115658847e-32
3.5993406330252687e-31
1.8372878291854246e-30
6.235366123616211e-30
1.681977544600754e-29
3.838033505908701e-29
7.561765941905435e-29
1.278847246653573e-28
1.7872732121805695e-28
1.8494054761270567e-28
9.500604757422628e-29
3.7887749561578516e-30
7.5686423534230905e-28
5.826809842514197e-27
2.6464839103467e-26
9.474705790909077e-26
2.9471402027105205e-25
8.333319056749503e-25
2.1961903644502234e-24
5.478384927301455e-24
1.3068575019212058e-23
3.0029350032969674e-23
6.682322220848236e-23
1.4459235152332333e-22
3.0520512727128235e-22
6.300660688330542e-22
1.2748103240748957e-21
2.5324153045107198e-21
4.946529575306247e-21
9.512526523212866e-21
1.803015124919865e-20
3.3715457781576454e-20
6.225196062077302e-20
1.135789479023782e-19
2.0490621103754031e-19
3.6575215951481864e-19
6.4629359825975e-19
1.131094352640825e-18
1.9615064146176802e-18
3.371955952704528e-18
5.748309173032988e-18
9.721121589954799e-18
1.6313653507331898e-17
2.717534759785188e-17
4.4947890638758455e-17
7.383580270687945e-17
1.204908121565793e-16
1.953750941033494e-16
3.1485154854549767e-16
5.043724253488653e-16
8.033192253286503e-16
1.2723135234258396e-15
2.0042083611671637e-15
3.1405377473205507e-15
4.896025368999056e-15
7.594943229424485e-15
1.172482266290393e-14
1.8015473924353773e-14
2.7554775051903764e-14
4.195767798549445e-14
6.361195254394251e-14
9.603418448968462e-14
1.4438362341145995e-13
2.1620124333114438e-13
3.2246904284768367e-13
4.791232060173042e-13
7.092084243187355e-13
1.0459351165696186e-12
1.537004201929755e-12
2.2507059708852017e-12
3.284494667546068e-12
4.7770078355924525e-12
6.924865148938815e-12
1.000608010192765e-11
1.441259616944153e-11
2.069537918679734e-11
2.962674289916288e-11
4.2286265588189676e-11
6.017891942311561e-11
8.539707553615237e-11
1.2084212440302538e-10
1.705269028123873e-10
2.3998739302633883e-10
3.368418445923521e-10
4.715483354970118e-10
6.584288455535696e-10
9.170504781668521e-10
1.2740842534568109e-9
1.7658011389797326e-9
2.441416582877443e-9
3.3675625248761833e-9
4.634254542420009e-9
6.362837716485123e-9
8.716546060788883e-9
1.1914507353317168e-8
1.6250281303223204e-8
2.211635131300889e-8
3.003642058751595e-8
4.0707920025194e-8
5.505785396225962e-8
7.431603597633377e-8
1.0011095852216754e-7
1.345950707265799e-7
1.806082014734394e-7
2.418903780231664e-7
3.233585030668281e-7
4.3146545366742655e-7
5.746653913788213e-7
7.640157227125142e-7
1.0139545985008391e-6
1.3433035607697913e-6
1.7765585269976176e-6
2.345549483141672e-6
3.0915709622620556e-6
4.0681127679055565e-6
5.344354897852528e-6
7.0096340236217536e-6
9.179143408938812e-6
0.000012001196568749336
0.00001566647070550399
0.000020419753255417353
0.00002657484898495836
0.00003453347248538315
0.00004480915962897367
0.000058057491447408176
0.00007511424712718124
0.0000970435043415758
0.00012519820332330438
0.00016129630846996532
0.00020751646550027354
0.00026661799708063857
0.0003420912468085591
0.00043834572104354137
0.0005609452520443337
0.0007169015894656572
0.0009150405121601038
0.0011664578499661076
0.001485086851329116
0.001888403291849878
0.002398300790922959
0.0030421762305962666
0.003854274245747237
0.004877350832168333
0.006164729627626006
0.007782840877673621
0.009814353126894899
0.012362032029232636
0.015553490253408969
0.019547028360157818
0.02453881005586314
0.03077166795380841
0.03854589978507089
0.048232492156255656
0.060289302157629926
0.07528083962197851
0.09390242849459096
0.11700968922502952
0.14565448085461918
0.18112867813709943
0.22501744344371946
0.279263994716041
0.3462482804621906
0.42888246396868224
0.5307267072293419
0.656129449223045
0.8103972152220843