1.
0.8101993000785394
0.656115459325968
0.5310852786276697
0.4296777609231407
0.3474682585168991
0.28085364707484367
0.2269011411775254
0.18322468350188278
0.14788392414859763
0.11930169906573382
0.0961966506191985
0.0775282369543206
0.06245187286372142
0.05028235239882243
0.04046403809346798
0.0325465763235397
0.026165123654717102
0.0210242538076173
0.016884866324820055
0.013553542110534153
0.010873892630326409
0.008719532736103559
0.006988375134916511
0.005598000173497274
0.004481900102009438
0.0035864341483720823
0.0028683610874587918
0.0022928407653463436
0.0018318162527424843
0.0014627047858797504
0.0011673390892964666
0.000931111621368257
0.0007422831972286848
0.0005914246987501698
0.00047096648333476703
0.00037483490233850605
0.0002981592402324433
0.0002370355538481934
0.00018833646337749712
0.0001495580342373439
0.00011869658202118648
0.00009414960533066397
0.00007463616343821001
0.000059132916417485506
0.000046822774430651206
0.0000370536926810167
0.00002930562546921673
0.000023164038236427032
0.000018298687824322187
0.000014446632540972295
0.000011398636444703164
8.988295829190831e-6
7.083347738300576e-6
5.578726554723789e-6
4.391020228215924e-6
3.4540465314645203e-6
2.7153250848768587e-6
2.133265387353607e-6
1.674926838314098e-6
1.3142354406109726e-6
1.0305649095501032e-6
8.076083891508413e-7
6.324817872066143e-7
4.950116061003353e-7
3.8716964687737555e-7
3.0262456673988533e-7
2.3638635051947534e-7
1.845246167874556e-7
1.4394556170779074e-7
1.1221544337116414e-7
8.742098254512681e-8
6.805902796626267e-8
5.294940603712806e-8
4.1166126633438436e-8
3.1983113181063744e-8
2.4831417847891633e-8
1.9265512896660547e-8
1.4936749959609442e-8
1.157247658369951e-8
8.95961489993052e-9
6.931757481672246e-9
5.3590337625763194e-9
4.140157452843646e-9
3.196189719529436e-9
2.465651244211327e-9
1.9006940182563513e-9
1.4641051575069587e-9
1.1269635108560334e-9
8.668080972852294e-10
6.662075727945909e-10
5.116436984658735e-10
3.9264049770796633e-10
3.0108551881176595e-10
2.3070120050324237e-10
1.7663343926446201e-10
1.3513160416132552e-10
1.032998534854338e-10
7.89040057842536e-11
6.02216645944657e-11
4.5925995369999295e-11
3.499566535802006e-11
2.664510897057096e-11
2.0270571985268468e-11
1.5408395861333054e-11
1.17027899817511e-11
8.880952925723176e-12
6.733881741625849e-12
5.101580260184597e-12
3.861666968323939e-12
2.9206080204529224e-12
2.206975802117047e-12
1.6662691837731772e-12
1.2569368807553572e-12
9.473269358721417e-13
7.133485401034816e-13
5.366813161656463e-13
4.034050107179651e-13
3.0295176453591913e-13
2.2730569256258522e-13
1.7039191173180704e-13
1.2761057158178025e-13
9.548177670069085e-14
7.137524295404833e-14
5.3304644868681267e-14
3.9771310155154893e-14
2.964552438895544e-14
2.2076475616361773e-14
1.642398907086534e-14
1.2206825887513093e-14
9.063561982806455e-15
6.723012908720357e-15
4.981895798415781e-15
3.687973008753807e-15
2.7273440633400614e-15
2.0148739620124954e-15
1.4869905819398768e-15
1.0962699342829067e-15
8.073693763019591e-16
5.939761556552496e-16
4.3652001427234675e-16
3.2046021234620673e-16
2.3500398424934466e-16
1.7214871625600689e-16
1.259667883232145e-16
9.207213871835706e-17
6.722277916859853e-17
4.9024915263410414e-17
3.571292671057459e-17
2.5985927855721265e-17
1.8886485385749937e-17
1.3710714256571255e-17
9.941704533040142e-18
7.200277410440236e-18
5.208598948315801e-18
3.7633236304171996e-18
2.7157935922077637e-18
1.9574560313304476e-18
1.4091356208600878e-18
1.013151713670592e-18
7.275325176808743e-19
5.217732690807883e-19
3.7372996348735636e-19
2.67347298209711e-19
1.9099874295925524e-19
1.3627525761726642e-19
9.710245181981106e-20
6.909790364879976e-20
4.910387534899745e-20
3.4847974082956795e-20
2.469703033802205e-20
1.7478809443523516e-20
1.2353023376024168e-20
8.718128845570368e-21
6.1440694586366896e-21
4.3238028073284e-21
3.038411487505296e-21
2.1320243848186855e-21
1.493813682544856e-21
1.0450885781531959e-21
7.300553400387204e-22
5.092112332966273e-22
3.546280399185325e-22
2.465893663302777e-22
1.7119652774881866e-22
1.1866644467751155e-22
8.212326259239935e-23
5.674172443595868e-23
3.914079064418556e-23
2.695503556331063e-23
1.8532152306709285e-23
1.2719782743647599e-23
8.715524073907747e-24
5.9615508276449515e-24
4.0706964963168905e-24
2.774684213817806e-24
1.8879272202870497e-24
1.2822570292805154e-24
8.693090941835908e-25
5.882658173335037e-25
3.9734160276005964e-25
2.6787741084765385e-25
1.8025203310184e-25
1.210560436247583e-25
8.114186743891332e-26
5.428071008465481e-26
3.623911670689428e-26
2.414518762333032e-26
1.6054381006112553e-26
1.0652594809808815e-26
7.053500875382181e-27
4.66047163598373e-27
3.072691293471518e-27
2.021434709985986e-27
1.3269047914032774e-27
8.690530571983906e-28
5.678926286460926e-28
3.702424310879063e-28
2.4081993901555685e-28
1.56268314321191e-28
1.0115962878519598e-28
6.5326073438582e-29
4.208174518968662e-29
2.704040696657833e-29
1.7331215366866298e-29
1.1079616260839616e-29
7.064533120598715e-30
4.4924984322921374e-30
2.8491827993710903e-30
1.8020311156160593e-30
1.1365668926935011e-30
7.1482389030928576e-31
4.4828527952331045e-31
2.803113442793842e-31
1.747577437180449e-31
1.0862251680067256e-31
6.730826482050107e-32
4.1577533677254494e-32
2.56015805437626e-32
1.5713310072134768e-32
9.612485780602605e-33
5.8606293353952594e-33
3.560949067883747e-33
2.1561138596415015e-33
1.3008656788421211e-33
7.820191063647453e-34
4.683759159205903e-34
2.7946725629959633e-34
1.6610858516728377e-34
9.83427145952912e-35
5.798878111096966e-35
3.4053250612628275e-35
1.9913400242774147e-35
1.1594770984163776e-35
6.721474557893832e-36
3.878879102780867e-36
2.228120571263551e-36
1.2738285482659966e-36
7.247189876234502e-37
4.102593085453709e-37
2.3105649187755786e-37
1.2944533049244798e-37
7.212687711961756e-38
3.9965073899187e-38
2.2017242104407176e-38
1.205772888368024e-38
6.563037657707576e-39
3.549703166218566e-39
1.9073563062062236e-39
1.0179405566994899e-39
5.394540408145653e-40
2.837985703936844e-40
1.481707795208492e-40
7.674919975659714e-41
3.942706330923194e-41
2.0079876490987172e-41
1.0134325719156467e-41
5.06639631200254e-42
2.507589507314038e-42
1.228075287583011e-42
5.947501820108116e-43
2.846303335855251e-43
1.344993661481124e-43
6.269864410238646e-44
2.8803231414544355e-44
1.3023901831792527e-44
5.788093076786157e-45
2.5239546156096854e-45
1.0776529426489598e-45
4.493833543534309e-46
1.8243015857736644e-46
7.179777342391227e-47
2.724299762791488e-47
9.890207484279754e-48
3.3974220208162174e-48
1.0856064010777552e-48
3.13578328923154e-49
7.755506175606942e-50
1.4483977099294868e-50
1.3177768622965408e-51
2.1222311750543084e-53
4.5891078739587886e-52
6.540517363367405e-52
5.617398532031867e-52
3.7981737831021305e-52
2.2067213496431172e-52
1.1429153647777608e-52
5.358435482196701e-53
2.280564298986856e-53
8.741049099023076e-54
2.951113877417671e-54
8.357881246353056e-55
1.763461478851389e-55
1.8351449924800753e-56
1.8068887558643484e-58
6.30837540980664e-57
9.619034301012963e-57
8.524355803245552e-57
5.798752759768644e-57
3.302143734768034e-57
1.6241533635480063e-57
6.928740605905005e-58
2.514805950563136e-58
7.335606098147975e-59
1.4674987454155684e-59
1.004291660074342e-60
2.5409130307091693e-61
1.3353613072863216e-60
1.6885962853337847e-60
1.3832154789807265e-60
8.845883335388732e-61
4.684993515169729e-61
2.078013436079666e-61
7.525628385785274e-62
2.040511930322557e-62
3.0976924366539365e-63
1.222203081245551e-65
5.4506506561244545e-64
1.1174827934709009e-63
1.1230245955712184e-63
8.113419399806443e-64
4.6595510751512555e-64
2.1760619289057196e-64
8.041994677793674e-65
2.1086841373765863e-65
2.573275880027903e-66
4.409183469205798e-68
1.2879194931449325e-66
2.10579089181306e-66
1.9512982491585945e-66
1.3301361657498028e-66
7.141973026905082e-67
3.010378705574477e-67
9.206992433576281e-68
1.5156104201501609e-68
3.045680604955501e-71
3.585059858035377e-69
7.504057391660456e-69
7.737735572885571e-69
5.626057638204187e-69
3.1437073021598005e-69
1.3457772722074509e-69
4.009338949483417e-70
5.561117047830127e-71
7.302422412961107e-73
2.9857453288853325e-71
5.25056601828339e-71
5.082279673651744e-71
3.5225367435874617e-71
1.8513201630307926e-71
7.122462998262034e-72
1.6593973785550166e-72
7.357662657569547e-74
1.3890984282271574e-73
4.834747705118072e-73
6.029211130760234e-73
4.9113070019004164e-73
2.9487279387568635e-73
1.3005481609641518e-73
3.690360294403875e-74
3.4323601616808884e-75
1.0549870729087978e-75
6.912039254984178e-75
1.018419764676552e-74
9.133168462567818e-75
5.887112803820411e-75
2.7549833635279195e-75
8.260060922351425e-76
8.27775268154874e-77
2.312806349059295e-77
1.6521490507294208e-76
2.5206074975322585e-76
2.3119979427481375e-76
1.5062087675876222e-76
6.984112413064586e-77
1.970179983051951e-77
1.3298004740089811e-78
1.407504970715912e-78
6.380974851938719e-78
8.939633830791056e-78
7.837841905850696e-78
4.868455650340645e-78
2.0793719270910656e-78
4.7368214013647605e-79
4.278031409974941e-81
1.34480244554132e-79
3.581901985562504e-79
4.300239124719851e-79
3.415115386904153e-79
1.906256646035373e-79
6.796882315339176e-80
8.946117600759865e-81
1.377363143165576e-81
1.509322424742261e-80
2.627806122449897e-80
2.627805693617614e-80
1.80619623983045e-80
8.407168348980224e-81
2.069488867164009e-81
2.0920324434696254e-83
6.580055587485719e-82
1.8545287015690045e-81
2.3287827369756233e-81
1.9089059803551648e-81
1.0744744664961125e-81
3.638539904893e-82
3.1947370631358023e-83
2.7782973234291928e-83
1.5554950101832808e-82
2.4545815974760788e-82
2.3464943250920422e-82
1.5297514984906303e-82
6.344601718616451e-83
1.03809076371885e-83
9.221569919710609e-85
1.5920966685366986e-83
3.1485838594959964e-83
3.441764126906919e-83
2.5224820444044977e-83
1.205693244418748e-83
2.6997889643158907e-84
7.102219194623884e-87
2.0416189390764056e-84
4.99717263699067e-84
6.1214394940337365e-84
4.925579187353785e-84
2.610316239193626e-84
7.040533416887722e-85
3.7254573450868313e-87
3.3647653276108093e-85
9.92116045656024e-85
1.3329732259017783e-84
1.1538163887349044e-84
6.593227781192757e-85
1.9972341714450105e-85
3.8632938797392753e-87
7.276810972805993e-86
2.4778257712132927e-85
3.571185430439152e-85
3.266113872361173e-85
1.9693216883555236e-85
6.4019717337165916e-86
1.8737584266258543e-87
2.0873166615836193e-86
7.790234630699087e-86
1.1787905716937946e-85
1.1213277152210227e-85
7.010630323906583e-86
2.3661561173523887e-86
7.569369034226998e-88
7.919829647879045e-87
3.072972281658135e-86
4.789135005700845e-86
4.6757660439358436e-86
2.988406049751248e-86
1.0202898411471318e-86
2.8525833891940207e-88
3.917164128200269e-87
1.5117894760313328e-86
2.388995992344905e-86
2.3684332311749062e-86
1.5298592528771657e-86
5.171913437467456e-87
9.918396331413835e-89
2.473047115270355e-87
9.209039186722264e-87
1.4588046096663242e-86
1.4568438922912866e-86
9.427369585303843e-87
3.100072432362754e-87
2.735435103349567e-89
1.950658262355413e-87
6.895926473041569e-87
1.0872113770873038e-86
1.0879145242193415e-86
7.009493563770181e-87
2.210111773369903e-87
2.6528000808534734e-90
1.8876047883773145e-87
6.3072562798114595e-87
9.86497020074832e-87
9.86497020074832e-87
6.3072562798114595e-87
1.8876047883773145e-87
2.6528000808534734e-90
2.210111773369903e-87
7.009493563770181e-87
1.0879145242193415e-86
1.0872113770873038e-86
6.895926473041569e-87
1.950658262355413e-87
2.735435103349567e-89
3.100072432362754e-87
9.427369585303843e-87
1.4568438922912866e-86
1.4588046096663242e-86
9.209039186722264e-87
2.473047115270355e-87
9.918396331413835e-89
5.171913437467456e-87
1.5298592528771657e-86
2.3684332311749062e-86
2.388995992344905e-86
1.5117894760313328e-86
3.917164128200269e-87
2.8525833891940207e-88
1.0202898411471318e-86
2.988406049751248e-86
4.6757660439358436e-86
4.789135005700845e-86
3.072972281658135e-86
7.919829647879045e-87
7.569369034226998e-88
2.3661561173523887e-86
7.010630323906583e-86
1.1213277152210227e-85
1.1787905716937946e-85
7.790234630699087e-86
2.0873166615836193e-86
1.8737584266258543e-87
6.4019717337165916e-86
1.9693216883555236e-85
3.266113872361173e-85
3.571185430439152e-85
2.4778257712132927e-85
7.276810972805993e-86
3.8632938797392753e-87
1.9972341714450105e-85
6.593227781192757e-85
1.1538163887349044e-84
1.3329732259017783e-84
9.92116045656024e-85
3.3647653276108093e-85
3.7254573450868313e-87
7.040533416887722e-85
2.610316239193626e-84
4.925579187353785e-84
6.1214394940337365e-84
4.99717263699067e-84
2.0416189390764056e-84
7.102219194623884e-87
2.6997889643158907e-84
1.205693244418748e-83
2.5224820444044977e-83
3.441764126906919e-83
3.1485838594959964e-83
1.5920966685366986e-83
9.221569919710609e-85
1.03809076371885e-83
6.344601718616451e-83
1.5297514984906303e-82
2.3464943250920422e-82
2.4545815974760788e-82
1.5554950101832808e-82
2.7782973234291928e-83
3.1947370631358023e-83
3.638539904893e-82
1.0744744664961125e-81
1.9089059803551648e-81
2.3287827369756233e-81
1.8545287015690045e-81
6.580055587485719e-82
2.0920324434696254e-83
2.069488867164009e-81
8.407168348980224e-81
1.80619623983045e-80
2.627805693617614e-80
2.627806122449897e-80
1.509322424742261e-80
1.377363143165576e-81
8.946117600759865e-81
6.796882315339176e-80
1.906256646035373e-79
3.415115386904153e-79
4.300239124719851e-79
3.581901985562504e-79
1.34480244554132e-79
4.278031409974941e-81
4.7368214013647605e-79
2.0793719270910656e-78
4.868455650340645e-78
7.837841905850696e-78
8.939633830791056e-78
6.380974851938719e-78
1.407504970715912e-78
1.3298004740089811e-78
1.970179983051951e-77
6.984112413064586e-77
1.5062087675876222e-76
2.3119979427481375e-76
2.5206074975322585e-76
1.6521490507294208e-76
2.312806349059295e-77
8.27775268154874e-77
8.260060922351425e-76
2.7549833635279195e-75
5.887112803820411e-75
9.133168462567818e-75
1.018419764676552e-74
6.912039254984178e-75
1.0549870729087978e-75
3.4323601616808884e-75
3.690360294403875e-74
1.3005481609641518e-73
2.9487279387568635e-73
4.9113070019004164e-73
6.029211130760234e-73
4.834747705118072e-73
1.3890984282271574e-73
7.357662657569547e-74
1.6593973785550166e-72
7.122462998262034e-72
1.8513201630307926e-71
3.5225367435874617e-71
5.082279673651744e-71
5.25056601828339e-71
2.9857453288853325e-71
7.302422412961107e-73
5.561117047830127e-71
4.009338949483417e-70
1.3457772722074509e-69
3.1437073021598005e-69
5.626057638204187e-69
7.737735572885571e-69
7.504057391660456e-69
3.585059858035377e-69
3.045680604955501e-71
1.5156104201501609e-68
9.206992433576281e-68
3.010378705574477e-67
7.141973026905082e-67
1.3301361657498028e-66
1.9512982491585945e-66
2.10579089181306e-66
1.2879194931449325e-66
4.409183469205798e-68
2.573275880027903e-66
2.1086841373765863e-65
8.041994677793674e-65
2.1760619289057196e-64
4.6595510751512555e-64
8.113419399806443e-64
1.1230245955712184e-63
1.1174827934709009e-63
5.4506506561244545e-64
1.222203081245551e-65
3.0976924366539365e-63
2.040511930322557e-62
7.525628385785274e-62
2.078013436079666e-61
4.684993515169729e-61
8.845883335388732e-61
1.3832154789807265e-60
1.6885962853337847e-60
1.3353613072863216e-60
2.5409130307091693e-61
1.004291660074342e-60
1.4674987454155684e-59
7.335606098147975e-59
2.514805950563136e-58
6.928740605905005e-58
1.6241533635480063e-57
3.302143734768034e-57
5.798752759768644e-57
8.524355803245552e-57
9.619034301012963e-57
6.30837540980664e-57
1.8068887558643484e-58
1.8351449924800753e-56
1.763461478851389e-55
8.357881246353056e-55
2.951113877417671e-54
8.741049099023076e-54
2.280564298986856e-53
5.358435482196701e-53
1.1429153647777608e-52
2.2067213496431172e-52
3.7981737831021305e-52
5.617398532031867e-52
6.540517363367405e-52
4.5891078739587886e-52
2.1222311750543084e-53
1.3177768622965408e-51
1.4483977099294868e-50
7.755506175606942e-50
3.13578328923154e-49
1.0856064010777552e-48
3.3974220208162174e-48
9.890207484279754e-48
2.724299762791488e-47
7.179777342391227e-47
1.8243015857736644e-46
4.493833543534309e-46
1.0776529426489598e-45
2.5239546156096854e-45
5.788093076786157e-45
1.3023901831792527e-44
2.8803231414544355e-44
6.269864410238646e-44
1.344993661481124e-43
2.846303335855251e-43
5.947501820108116e-43
1.228075287583011e-42
2.507589507314038e-42
5.06639631200254e-42
1.0134325719156467e-41
2.0079876490987172e-41
3.942706330923194e-41
7.674919975659714e-41
1.481707795208492e-40
2.837985703936844e-40
5.394540408145653e-40
1.0179405566994899e-39
1.9073563062062236e-39
3.549703166218566e-39
6.563037657707576e-39
1.205772888368024e-38
2.2017242104407176e-38
3.9965073899187e-38
7.212687711961756e-38
1.2944533049244798e-37
2.3105649187755786e-37
4.102593085453709e-37
7.247189876234502e-37
1.2738285482659966e-36
2.228120571263551e-36
3.878879102780867e-36
6.721474557893832e-36
1.1594770984163776e-35
1.9913400242774147e-35
3.4053250612628275e-35
5.798878111096966e-35
9.83427145952912e-35
1.6610858516728377e-34
2.7946725629959633e-34
4.683759159205903e-34
7.820191063647453e-34
1.3008656788421211e-33
2.1561138596415015e-33
3.560949067883747e-33
5.8606293353952594e-33
9.612485780602605e-33
1.5713310072134768e-32
2.56015805437626e-32
4.1577533677254494e-32
6.730826482050107e-32
1.0862251680067256e-31
1.747577437180449e-31
2.803113442793842e-31
4.4828527952331045e-31
7.1482389030928576e-31
1.1365668926935011e-30
1.8020311156160593e-30
2.8491827993710903e-30
4.4924984322921374e-30
7.064533120598715e-30
1.1079616260839616e-29
1.7331215366866298e-29
2.704040696657833e-29
4.208174518968662e-29
6.5326073438582e-29
1.0115962878519598e-28
1.56268314321191e-28
2.4081993901555685e-28
3.702424310879063e-28
5.678926286460926e-28
8.690530571983906e-28
1.3269047914032774e-27
2.021434709985986e-27
3.072691293471518e-27
4.66047163598373e-27
7.053500875382181e-27
1.0652594809808815e-26
1.6054381006112553e-26
2.414518762333032e-26
3.623911670689428e-26
5.428071008465481e-26
8.114186743891332e-26
1.210560436247583e-25
1.8025203310184e-25
2.6787741084765385e-25
3.9734160276005964e-25
5.882658173335037e-25
8.693090941835908e-25
1.2822570292805154e-24
1.8879272202870497e-24
2.774684213817806e-24
4.0706964963168905e-24
5.9615508276449515e-24
8.715524073907747e-24
1.2719782743647599e-23
1.8532152306709285e-23
2.695503556331063e-23
3.914079064418556e-23
5.674172443595868e-23
8.212326259239935e-23
1.1866644467751155e-22
1.7119652774881866e-22
2.465893663302777e-22
3.546280399185325e-22
5.092112332966273e-22
7.300553400387204e-22
1.0450885781531959e-21
1.493813682544856e-21
2.1320243848186855e-21
3.038411487505296e-21
4.3238028073284e-21
6.1440694586366896e-21
8.718128845570368e-21
1.2353023376024168e-20
1.7478809443523516e-20
2.469703033802205e-20
3.4847974082956795e-20
4.910387534899745e-20
6.909790364879976e-20
9.710245181981106e-20
1.3627525761726642e-19
1.9099874295925524e-19
2.67347298209711e-19
3.7372996348735636e-19
5.217732690807883e-19
7.275325176808743e-19
1.013151713670592e-18
1.4091356208600878e-18
1.9574560313304476e-18
2.7157935922077637e-18
3.7633236304171996e-18
5.208598948315801e-18
7.200277410440236e-18
9.941704533040142e-18
1.3710714256571255e-17
1.8886485385749937e-17
2.5985927855721265e-17
3.571292671057459e-17
4.9024915263410414e-17
6.722277916859853e-17
9.207213871835706e-17
1.259667883232145e-16
1.7214871625600689e-16
2.3500398424934466e-16
3.2046021234620673e-16
4.3652001427234675e-16
5.939761556552496e-16
8.073693763019591e-16
1.0962699342829067e-15
1.4869905819398768e-15
2.0148739620124954e-15
2.7273440633400614e-15
3.687973008753807e-15
4.981895798415781e-15
6.723012908720357e-15
9.063561982806455e-15
1.2206825887513093e-14
1.642398907086534e-14
2.2076475616361773e-14
2.964552438895544e-14
3.9771310155154893e-14
5.3304644868681267e-14
7.137524295404833e-14
9.548177670069085e-14
1.2761057158178025e-13
1.7039191173180704e-13
2.2730569256258522e-13
3.0295176453591913e-13
4.034050107179651e-13
5.366813161656463e-13
7.133485401034816e-13
9.473269358721417e-13
1.2569368807553572e-12
1.6662691837731772e-12
2.206975802117047e-12
2.9206080204529224e-12
3.861666968323939e-12
5.101580260184597e-12
6.733881741625849e-12
8.880952925723176e-12
1.17027899817511e-11
1.5408395861333054e-11
2.0270571985268468e-11
2.664510897057096e-11
3.499566535802006e-11
4.5925995369999295e-11
6.02216645944657e-11
7.89040057842536e-11
1.032998534854338e-10
1.3513160416132552e-10
1.7663343926446201e-10
2.3070120050324237e-10
3.0108551881176595e-10
3.9264049770796633e-10
5.116436984658735e-10
6.662075727945909e-10
8.668080972852294e-10
1.1269635108560334e-9
1.4641051575069587e-9
1.9006940182563513e-9
2.465651244211327e-9
3.196189719529436e-9
4.140157452843646e-9
5.3590337625763194e-9
6.931757481672246e-9
8.95961489993052e-9
1.157247658369951e-8
1.4936749959609442e-8
1.9265512896660547e-8
2.4831417847891633e-8
3.1983113181063744e-8
4.1166126633438436e-8
5.294940603712806e-8
6.805902796626267e-8
8.742098254512681e-8
1.1221544337116414e-7
1.4394556170779074e-7
1.845246167874556e-7
2.3638635051947534e-7
3.0262456673988533e-7
3.8716964687737555e-7
4.950116061003353e-7
6.324817872066143e-7
8.076083891508413e-7
1.0305649095501032e-6
1.3142354406109726e-6
1.674926838314098e-6
2.133265387353607e-6
2.7153250848768587e-6
3.4540465314645203e-6
4.391020228215924e-6
5.578726554723789e-6
7.083347738300576e-6
8.988295829190831e-6
0.000011398636444703164
0.000014446632540972295
0.000018298687824322187
0.000023164038236427032
0.00002930562546921673
0.0000370536926810167
0.000046822774430651206
0.000059132916417485506
0.00007463616343821001
0.00009414960533066397
0.00011869658202118648
0.0001495580342373439
0.00018833646337749712
0.0002370355538481934
0.0002981592402324433
0.00037483490233850605
0.00047096648333476703
0.0005914246987501698
0.0007422831972286848
0.000931111621368257
0.0011673390892964666
0.0014627047858797504
0.0018318162527424843
0.0022928407653463436
0.0028683610874587918
0.0035864341483720823
0.004481900102009438
0.005598000173497274
0.006988375134916511
0.008719532736103559
0.010873892630326409
0.013553542110534153
0.016884866324820055
0.0210242538076173
0.026165123654717102
0.0325465763235397
0.04046403809346798
0.05028235239882243
0.06245187286372142
0.0775282369543206
0.0961966506191985
0.11930169906573382
0.14788392414859763
0.18322468350188278
0.2269011411775254
0.28085364707484367
0.3474682585168991
0.4296777609231407
0.5310852786276697
0.656115459325968
0.8101993000785394