1.
0.7923192169317826
0.6274407699438611
0.4966112409223973
0.3928534058787226
0.31060865878822064
0.2454508479161784
0.19385737749255222
0.15302620739061748
0.1207296215490788
0.09519743693901025
0.07502377354140695
0.05909267044464675
0.04651876901471704
0.036600035709596856
0.028780100466592122
0.022618270689893447
0.01776566908178411
0.013946254727738942
0.010941736128063404
0.008579584471969003
0.006723515192340303
0.005265933615071015
0.00412194266963594
0.0032245922530270065
0.0025211150280045193
0.001969945471136209
0.0015383604986820144
0.0012006130990413642
0.0009364567796403011
0.0007299796473722934
0.0005686836682952431
0.00044275796072494865
0.00034450555888282006
0.0002678914953688552
0.00020818673198133694
0.0001616877726194825
0.00012549600065024546
0.00009734412061122356
0.0000754597292891438
0.000058458136485122597
0.0000452582145254837
0.0000350163679936036
0.00002707475295754825
0.00002092069513825056
0.00001615490426444057
0.000012466593219878321
9.61401400649074e-6
7.409240620870833e-6
5.706279577201347e-6
4.391786187470433e-6
3.377820053399968e-6
2.5961954118210547e-6
1.994078024828097e-6
1.5305557631398976e-6
1.17396927426984e-6
8.998356116709597e-7
6.892341520645123e-7
5.275526935686129e-7
4.0351399892797583e-7
3.084205580276432e-7
2.3556903983432543e-7
1.7979660985407578e-7
1.3712965252432797e-7
1.0451196706101169e-7
7.959459913367991e-8
6.057344225592008e-8
4.606383721269938e-8
3.500380730867148e-8
2.6579442091296372e-8
2.016740011874587e-8
1.5290634271696826e-8
1.1584322900211613e-8
8.769672848594375e-9
6.633789880689167e-9
5.014222362197616e-9
3.787101836377879e-9
2.858050060549232e-9
2.155212265000301e-9
1.6239233818884573e-9
1.2226275052852523e-9
9.197584448886767e-10
6.913567918429219e-10
5.192509750284188e-10
3.89669875561457e-10
2.9218541608558196e-10
2.1890726229131278e-10
1.638700005348327e-10
1.2256714972286331e-10
9.159710246996632e-11
6.839432197462476e-11
5.102542696221718e-11
3.8034624167964106e-11
2.832664013982629e-11
2.1078126244426944e-11
1.5670666078745962e-11
1.1640159286674063e-11
8.638609994675326e-12
6.405303709713347e-12
4.745084070581112e-12
3.5119943046575514e-12
2.596968932818526e-12
1.918580777354383e-12
1.4160907977025999e-12
1.0442321325104166e-12
7.6929901925069e-13
5.662167070246951e-13
4.163482327515614e-13
3.058542038261391e-13
2.2446724174280477e-13
1.64577077068946e-13
1.2054816847329267e-13
8.821121169604062e-14
6.448457279839906e-14
4.709270824357449e-14
3.435691841680495e-14
2.50399983949408e-14
1.8231011629905107e-14
1.3259904668145773e-14
9.634295053954413e-15
6.992719318064643e-15
5.070088363030448e-15
3.672187629696544e-15
2.6568723180218888e-15
1.9202135539572137e-15
1.3863021653323813e-15
9.997519263463698e-16
7.201931457828623e-16
5.182322875126321e-16
3.7249034256655077e-16
2.674341745203618e-16
1.9179017140087093e-16
1.3738506428121161e-16
9.829978051175587e-17
7.025245404273124e-17
5.014901361820723e-17
3.5756187204317753e-17
2.5463836310886998e-17
1.811240613106978e-17
1.2867789447376642e-17
9.130676870779563e-18
6.470963007115964e-18
4.580336693019369e-18
3.2380533445534203e-18
2.2862525806141828e-18
1.612179792822177e-18
1.1353955036459907e-18
7.985840091313644e-19
5.60956307894337e-19
3.935207382227342e-19
2.756966439981267e-19
1.92892630367966e-19
1.347767724841193e-19
9.404259734498906e-20
6.552984405798034e-20
4.559879234342242e-20
3.1685596386414664e-20
2.19866639999627e-20
1.5234920371723896e-20
1.0541413134490961e-20
7.283323341707485e-21
5.0248914326053725e-21
3.461658679368357e-21
2.3812024160739474e-21
1.6355236882696e-21
1.1216559459842338e-21
7.680659874208188e-22
5.251303194338682e-22
3.5847500726524546e-22
2.443246745697922e-22
1.6625922587265914e-22
1.1295549523284557e-22
7.661701879450979e-23
5.1883872274697545e-23
3.5076932719967403e-23
2.367476397045846e-23
1.5952072742183768e-23
1.0730215974779079e-23
7.205299071029011e-24
4.829920198344841e-24
3.23194781176159e-24
2.158823132021174e-24
1.4394277596689156e-24
9.580195351858417e-25
6.364465979274139e-25
4.220306144317264e-25
2.793260408620492e-25
1.8452503856915325e-25
1.2166519065379493e-25
8.00635970972207e-26
5.258379793252849e-26
3.4467285083692196e-26
2.254708765522598e-26
1.4719459092436669e-26
9.589607346928309e-27
6.2345729413960696e-27
4.0448145416346225e-27
2.6185773462574987e-27
1.691592368549468e-27
1.0903801166790396e-27
7.012940320223397e-28
4.500390775506346e-28
2.881480891498556e-28
1.8407041116736035e-28
1.1731186233333915e-28
7.458925418365421e-29
4.731222252495026e-29
2.9937754002692995e-29
1.8897290950380323e-29
1.1898704658143624e-29
7.47316522812378e-30
4.681648766677259e-30
2.9252743186795258e-30
1.8230209628109368e-30
1.133071609740504e-30
7.023386583689449e-31
4.341519260265034e-31
2.6762382237135753e-31
1.645042470526544e-31
1.008276555181956e-31
6.161873531046036e-32
3.754535553360936e-32
2.2808102740993216e-32
1.3813067612396786e-32
8.339442743200808e-33
5.018882513151683e-33
3.0107631734689875e-33
1.8002027950326002e-33
1.0727942646849969e-33
6.3714120826545565e-34
3.7709638536270757e-34
2.2240201648236434e-34
1.3069712126538896e-34
7.652520718569504e-35
4.46399137280756e-35
2.594122708427124e-35
1.501664091199478e-35
8.658360599809139e-36
4.972138816108583e-36
2.843532363154554e-36
1.61935311824322e-36
9.182329122855585e-37
5.18381799730714e-37
2.913318998696653e-37
1.6297520647435252e-37
9.074064939666848e-38
5.02780467425111e-38
2.772029972163496e-38
1.520563684057561e-38
8.297356271661135e-39
4.503409385144824e-39
2.4307731221198824e-39
1.3046072347970637e-39
6.961046530322464e-40
3.691911985619492e-40
1.945933690349592e-40
1.0191009445995294e-40
5.301827599019039e-41
2.739388120485965e-41
1.4053817784135435e-41
7.157034913312973e-42
3.616982758418046e-42
1.8134295696881952e-42
9.016773127305699e-43
4.44467806862516e-43
2.1711819809868397e-43
1.0505828559070309e-43
5.033091465996666e-44
2.386051338632491e-44
1.1186885274988948e-44
5.183657734013362e-45
2.372127025879694e-45
1.0711415981093747e-45
4.768069662270689e-46
2.089963975626783e-46
9.008806792372984e-47
3.812904032409052e-47
1.581606465919784e-47
6.415230795886537e-48
2.53732937352646e-48
9.75083406039561e-49
3.6239681141156235e-49
1.2944284889555088e-49
4.404478607930801e-50
1.4091929479698336e-50
4.152668624963928e-51
1.0871316052199429e-51
2.3502863926636307e-52
3.468338020340411e-53
1.3775147615644962e-54
8.427525682535717e-55
2.647762073549692e-54
2.77159771035524e-54
2.0209911902306827e-54
1.2099731253259563e-54
6.3221811389590755e-55
2.9585352909852566e-55
1.2508659051927378e-55
4.762467970700849e-56
1.606085244201887e-56
4.6169125361138114e-57
1.0343537212000917e-57
1.3785575223382265e-58
1.1772979710207913e-60
1.371493120364265e-59
2.7067784398370053e-59
2.5351597186128702e-59
1.7333103310127528e-59
9.719065177446768e-60
4.6571135356105537e-60
1.9232592368275606e-60
6.729870023298867e-61
1.8880866419020096e-61
3.6342349464406117e-62
2.4357041938981434e-63
5.301135944801029e-64
2.756680172296525e-63
3.3219921346203957e-63
2.5734087830760753e-63
1.5473080292373112e-63
7.65185075872976e-64
3.1367365565329444e-64
1.0305983119318688e-64
2.4265168724907295e-65
2.689668684061658e-66
3.877247041061518e-68
1.0952547837457445e-66
1.6523421939170614e-66
1.4186047945481953e-66
9.028055987638707e-67
4.578467112429813e-67
1.8597121563209147e-67
5.7258491043977035e-68
1.0976281946098155e-68
4.2157837981859154e-70
6.238279611775581e-70
1.909882451582593e-69
2.107710654370638e-69
1.553273079210181e-69
8.734876338651007e-70
3.8401310524683905e-70
1.2577904278084666e-70
2.5190359315978193e-71
9.387578237332163e-73
1.6941583946885296e-72
5.155198050612871e-72
5.750697570171644e-72
4.251867988355778e-72
2.3611122269766393e-72
9.954453049054819e-73
2.927614866686005e-73
4.1748439572779716e-74
1.419250914332923e-76
1.6133982207635771e-74
2.824009019789874e-74
2.6196195356549474e-74
1.7121549160521793e-74
8.355624465452659e-75
2.909005210182431e-75
5.690927937905796e-76
8.775711226537746e-78
8.586992855058381e-77
2.1202220654539996e-76
2.2638785441963457e-76
1.618921830477873e-76
8.459341474015288e-77
3.1168521721265883e-77
6.417530394375365e-78
1.087611045689134e-79
1.0143949842574006e-78
2.596328233102565e-78
2.8352706364751626e-78
2.0506596411117612e-78
1.0658903554872779e-78
3.772593685192743e-79
6.6099996582127535e-80
3.4151769731327544e-84
2.4692842631980976e-80
4.978142928959647e-80
5.001900801533542e-80
3.398756524964441e-80
1.6289350397256768e-80
4.917456646952325e-81
4.924248553326497e-82
1.3093380524835244e-82
9.187509299279221e-82
1.3447334713299896e-81
1.1620406059036756e-81
6.941045435236097e-82
2.7936717052383137e-82
5.759096162426036e-83
1.6085510044760544e-85
1.8270510648029048e-83
4.2351849666031105e-83
4.584417116502017e-83
3.2631107455193274e-83
1.587573346445887e-83
4.531682376931615e-84
2.722728662747941e-85
4.010664471204647e-85
1.644358067555331e-84
2.1869540614100224e-84
1.7915511614084045e-84
9.963351068271577e-85
3.423271684364241e-85
3.912017961221542e-86
1.0353164854570375e-86
8.2448669846455e-86
1.301781696936541e-85
1.1861462666384308e-85
7.235148853642365e-86
2.7738475060180492e-86
4.114069833849712e-87
3.778765764452256e-88
5.54413727713543e-87
9.85232131223563e-87
9.632538555986838e-87
6.220163522209891e-87
2.52323333960742e-87
4.0885292953602767e-88
2.7040200431775188e-89
5.097508294482832e-88
9.544293736764508e-88
9.65449006042558e-88
6.389871587522333e-88
2.62316095258426e-88
4.096990779959095e-89
4.320360893188899e-90
6.373664020477056e-89
1.1785957168404906e-88
1.1920800219770188e-88
7.846098835216843e-89
3.1229411248693566e-89
4.101359189946969e-90
1.1717837165709862e-90
1.0559476895934247e-89
1.8331068260997934e-89
1.79975691242553e-89
1.1445875655086015e-89
4.214430040777219e-90
3.7426506750045637e-91
4.072288368856784e-91
2.2392283484718267e-90
3.5333374190850777e-90
3.2857756912586586e-90
1.9617610074686367e-90
6.294724868754849e-91
2.193317410853949e-92
1.6144076373836214e-91
5.883265245652706e-91
8.296522744025781e-91
7.158817890843048e-91
3.8874311537135423e-91
9.931101077735283e-92
9.235648551725346e-96
7.097298250612466e-92
1.866503110811594e-91
2.3348017282529964e-91
1.8342529243238805e-91
8.705884629233609e-92
1.4952151448068608e-92
2.4493895834962093e-93
3.4590553730089246e-92
7.018115969963563e-92
7.759515154897904e-92
5.43710253655959e-92
2.1278911732832858e-92
1.5841915115093253e-93
3.7393094966892783e-93
1.8802876083946413e-92
3.08625572271273e-92
3.004418558408095e-92
1.8280819022915466e-92
5.333148670632384e-93
4.39448237636019e-96
3.859769656531248e-93
1.1469222640510655e-92
1.571895082986401e-92
1.3373452964043494e-92
6.786733373698782e-93
1.1882785945707756e-93
2.8741413287469005e-94
3.711311519932437e-93
7.887298861839196e-93
9.199966109206717e-93
6.743806559138468e-93
2.6641079153803373e-93
1.3887297886297774e-94
8.109197855762413e-94
3.678888317396156e-93
6.1349840439094084e-93
6.142935604327015e-93
3.780737384629123e-93
1.014387050097526e-93
1.4608282231033238e-95
1.4247794950326906e-93
3.932484702581881e-93
5.40819420658044e-93
4.642813950906774e-93
2.2904930282793486e-93
2.9561439207606515e-94
2.9561439207606515e-94
2.2904930282793486e-93
4.642813950906774e-93
5.40819420658044e-93
3.932484702581881e-93
1.4247794950326906e-93
1.4608282231033238e-95
1.014387050097526e-93
3.780737384629123e-93
6.142935604327015e-93
6.1349840439094084e-93
3.678888317396156e-93
8.109197855762413e-94
1.3887297886297774e-94
2.6641079153803373e-93
6.743806559138468e-93
9.199966109206717e-93
7.887298861839196e-93
3.711311519932437e-93
2.8741413287469005e-94
1.1882785945707756e-93
6.786733373698782e-93
1.3373452964043494e-92
1.571895082986401e-92
1.1469222640510655e-92
3.859769656531248e-93
4.39448237636019e-96
5.333148670632384e-93
1.8280819022915466e-92
3.004418558408095e-92
3.08625572271273e-92
1.8802876083946413e-92
3.7393094966892783e-93
1.5841915115093253e-93
2.1278911732832858e-92
5.43710253655959e-92
7.759515154897904e-92
7.018115969963563e-92
3.4590553730089246e-92
2.4493895834962093e-93
1.4952151448068608e-92
8.705884629233609e-92
1.8342529243238805e-91
2.3348017282529964e-91
1.866503110811594e-91
7.097298250612466e-92
9.235648551725346e-96
9.931101077735283e-92
3.8874311537135423e-91
7.158817890843048e-91
8.296522744025781e-91
5.883265245652706e-91
1.6144076373836214e-91
2.193317410853949e-92
6.294724868754849e-91
1.9617610074686367e-90
3.2857756912586586e-90
3.5333374190850777e-90
2.2392283484718267e-90
4.072288368856784e-91
3.7426506750045637e-91
4.214430040777219e-90
1.1445875655086015e-89
1.79975691242553e-89
1.8331068260997934e-89
1.0559476895934247e-89
1.1717837165709862e-90
4.101359189946969e-90
3.1229411248693566e-89
7.846098835216843e-89
1.1920800219770188e-88
1.1785957168404906e-88
6.373664020477056e-89
4.320360893188899e-90
4.096990779959095e-89
2.62316095258426e-88
6.389871587522333e-88
9.65449006042558e-88
9.544293736764508e-88
5.097508294482832e-88
2.7040200431775188e-89
4.0885292953602767e-88
2.52323333960742e-87
6.220163522209891e-87
9.632538555986838e-87
9.85232131223563e-87
5.54413727713543e-87
3.778765764452256e-88
4.114069833849712e-87
2.7738475060180492e-86
7.235148853642365e-86
1.1861462666384308e-85
1.301781696936541e-85
8.2448669846455e-86
1.0353164854570375e-86
3.912017961221542e-86
3.423271684364241e-85
9.963351068271577e-85
1.7915511614084045e-84
2.1869540614100224e-84
1.644358067555331e-84
4.010664471204647e-85
2.722728662747941e-85
4.531682376931615e-84
1.587573346445887e-83
3.2631107455193274e-83
4.584417116502017e-83
4.2351849666031105e-83
1.8270510648029048e-83
1.6085510044760544e-85
5.759096162426036e-83
2.7936717052383137e-82
6.941045435236097e-82
1.1620406059036756e-81
1.3447334713299896e-81
9.187509299279221e-82
1.3093380524835244e-82
4.924248553326497e-82
4.917456646952325e-81
1.6289350397256768e-80
3.398756524964441e-80
5.001900801533542e-80
4.978142928959647e-80
2.4692842631980976e-80
3.4151769731327544e-84
6.6099996582127535e-80
3.772593685192743e-79
1.0658903554872779e-78
2.0506596411117612e-78
2.8352706364751626e-78
2.596328233102565e-78
1.0143949842574006e-78
1.087611045689134e-79
6.417530394375365e-78
3.1168521721265883e-77
8.459341474015288e-77
1.618921830477873e-76
2.2638785441963457e-76
2.1202220654539996e-76
8.586992855058381e-77
8.775711226537746e-78
5.690927937905796e-76
2.909005210182431e-75
8.355624465452659e-75
1.7121549160521793e-74
2.6196195356549474e-74
2.824009019789874e-74
1.6133982207635771e-74
1.419250914332923e-76
4.1748439572779716e-74
2.927614866686005e-73
9.954453049054819e-73
2.3611122269766393e-72
4.251867988355778e-72
5.750697570171644e-72
5.155198050612871e-72
1.6941583946885296e-72
9.387578237332163e-73
2.5190359315978193e-71
1.2577904278084666e-70
3.8401310524683905e-70
8.734876338651007e-70
1.553273079210181e-69
2.107710654370638e-69
1.909882451582593e-69
6.238279611775581e-70
4.2157837981859154e-70
1.0976281946098155e-68
5.7258491043977035e-68
1.8597121563209147e-67
4.578467112429813e-67
9.028055987638707e-67
1.4186047945481953e-66
1.6523421939170614e-66
1.0952547837457445e-66
3.877247041061518e-68
2.689668684061658e-66
2.4265168724907295e-65
1.0305983119318688e-64
3.1367365565329444e-64
7.65185075872976e-64
1.5473080292373112e-63
2.5734087830760753e-63
3.3219921346203957e-63
2.756680172296525e-63
5.301135944801029e-64
2.4357041938981434e-63
3.6342349464406117e-62
1.8880866419020096e-61
6.729870023298867e-61
1.9232592368275606e-60
4.6571135356105537e-60
9.719065177446768e-60
1.7333103310127528e-59
2.5351597186128702e-59
2.7067784398370053e-59
1.371493120364265e-59
1.1772979710207913e-60
1.3785575223382265e-58
1.0343537212000917e-57
4.6169125361138114e-57
1.606085244201887e-56
4.762467970700849e-56
1.2508659051927378e-55
2.9585352909852566e-55
6.3221811389590755e-55
1.2099731253259563e-54
2.0209911902306827e-54
2.77159771035524e-54
2.647762073549692e-54
8.427525682535717e-55
1.3775147615644962e-54
3.468338020340411e-53
2.3502863926636307e-52
1.0871316052199429e-51
4.152668624963928e-51
1.4091929479698336e-50
4.404478607930801e-50
1.2944284889555088e-49
3.6239681141156235e-49
9.75083406039561e-49
2.53732937352646e-48
6.415230795886537e-48
1.581606465919784e-47
3.812904032409052e-47
9.008806792372984e-47
2.089963975626783e-46
4.768069662270689e-46
1.0711415981093747e-45
2.372127025879694e-45
5.183657734013362e-45
1.1186885274988948e-44
2.386051338632491e-44
5.033091465996666e-44
1.0505828559070309e-43
2.1711819809868397e-43
4.44467806862516e-43
9.016773127305699e-43
1.8134295696881952e-42
3.616982758418046e-42
7.157034913312973e-42
1.4053817784135435e-41
2.739388120485965e-41
5.301827599019039e-41
1.0191009445995294e-40
1.945933690349592e-40
3.691911985619492e-40
6.961046530322464e-40
1.3046072347970637e-39
2.4307731221198824e-39
4.503409385144824e-39
8.297356271661135e-39
1.520563684057561e-38
2.772029972163496e-38
5.02780467425111e-38
9.074064939666848e-38
1.6297520647435252e-37
2.913318998696653e-37
5.18381799730714e-37
9.182329122855585e-37
1.61935311824322e-36
2.843532363154554e-36
4.972138816108583e-36
8.658360599809139e-36
1.501664091199478e-35
2.594122708427124e-35
4.46399137280756e-35
7.652520718569504e-35
1.3069712126538896e-34
2.2240201648236434e-34
3.7709638536270757e-34
6.3714120826545565e-34
1.0727942646849969e-33
1.8002027950326002e-33
3.0107631734689875e-33
5.018882513151683e-33
8.339442743200808e-33
1.3813067612396786e-32
2.2808102740993216e-32
3.754535553360936e-32
6.161873531046036e-32
1.008276555181956e-31
1.645042470526544e-31
2.6762382237135753e-31
4.341519260265034e-31
7.023386583689449e-31
1.133071609740504e-30
1.8230209628109368e-30
2.9252743186795258e-30
4.681648766677259e-30
7.47316522812378e-30
1.1898704658143624e-29
1.8897290950380323e-29
2.9937754002692995e-29
4.731222252495026e-29
7.458925418365421e-29
1.1731186233333915e-28
1.8407041116736035e-28
2.881480891498556e-28
4.500390775506346e-28
7.012940320223397e-28
1.0903801166790396e-27
1.691592368549468e-27
2.6185773462574987e-27
4.0448145416346225e-27
6.2345729413960696e-27
9.589607346928309e-27
1.4719459092436669e-26
2.254708765522598e-26
3.4467285083692196e-26
5.258379793252849e-26
8.00635970972207e-26
1.2166519065379493e-25
1.8452503856915325e-25
2.793260408620492e-25
4.220306144317264e-25
6.364465979274139e-25
9.580195351858417e-25
1.4394277596689156e-24
2.158823132021174e-24
3.23194781176159e-24
4.829920198344841e-24
7.205299071029011e-24
1.0730215974779079e-23
1.5952072742183768e-23
2.367476397045846e-23
3.5076932719967403e-23
5.1883872274697545e-23
7.661701879450979e-23
1.1295549523284557e-22
1.6625922587265914e-22
2.443246745697922e-22
3.5847500726524546e-22
5.251303194338682e-22
7.680659874208188e-22
1.1216559459842338e-21
1.6355236882696e-21
2.3812024160739474e-21
3.461658679368357e-21
5.0248914326053725e-21
7.283323341707485e-21
1.0541413134490961e-20
1.5234920371723896e-20
2.19866639999627e-20
3.1685596386414664e-20
4.559879234342242e-20
6.552984405798034e-20
9.404259734498906e-20
1.347767724841193e-19
1.92892630367966e-19
2.756966439981267e-19
3.935207382227342e-19
5.60956307894337e-19
7.985840091313644e-19
1.1353955036459907e-18
1.612179792822177e-18
2.2862525806141828e-18
3.2380533445534203e-18
4.580336693019369e-18
6.470963007115964e-18
9.130676870779563e-18
1.2867789447376642e-17
1.811240613106978e-17
2.5463836310886998e-17
3.5756187204317753e-17
5.014901361820723e-17
7.025245404273124e-17
9.829978051175587e-17
1.3738506428121161e-16
1.9179017140087093e-16
2.674341745203618e-16
3.7249034256655077e-16
5.182322875126321e-16
7.201931457828623e-16
9.997519263463698e-16
1.3863021653323813e-15
1.9202135539572137e-15
2.6568723180218888e-15
3.672187629696544e-15
5.070088363030448e-15
6.992719318064643e-15
9.634295053954413e-15
1.3259904668145773e-14
1.8231011629905107e-14
2.50399983949408e-14
3.435691841680495e-14
4.709270824357449e-14
6.448457279839906e-14
8.821121169604062e-14
1.2054816847329267e-13
1.64577077068946e-13
2.2446724174280477e-13
3.058542038261391e-13
4.163482327515614e-13
5.662167070246951e-13
7.6929901925069e-13
1.0442321325104166e-12
1.4160907977025999e-12
1.918580777354383e-12
2.596968932818526e-12
3.5119943046575514e-12
4.745084070581112e-12
6.405303709713347e-12
8.638609994675326e-12
1.1640159286674063e-11
1.5670666078745962e-11
2.1078126244426944e-11
2.832664013982629e-11
3.8034624167964106e-11
5.102542696221718e-11
6.839432197462476e-11
9.159710246996632e-11
1.2256714972286331e-10
1.638700005348327e-10
2.1890726229131278e-10
2.9218541608558196e-10
3.89669875561457e-10
5.192509750284188e-10
6.913567918429219e-10
9.197584448886767e-10
1.2226275052852523e-9
1.6239233818884573e-9
2.155212265000301e-9
2.858050060549232e-9
3.787101836377879e-9
5.014222362197616e-9
6.633789880689167e-9
8.769672848594375e-9
1.1584322900211613e-8
1.5290634271696826e-8
2.016740011874587e-8
2.6579442091296372e-8
3.500380730867148e-8
4.606383721269938e-8
6.057344225592008e-8
7.959459913367991e-8
1.0451196706101169e-7
1.3712965252432797e-7
1.7979660985407578e-7
2.3556903983432543e-7
3.084205580276432e-7
4.0351399892797583e-7
5.275526935686129e-7
6.892341520645123e-7
8.998356116709597e-7
1.17396927426984e-6
1.5305557631398976e-6
1.994078024828097e-6
2.5961954118210547e-6
3.377820053399968e-6
4.391786187470433e-6
5.706279577201347e-6
7.409240620870833e-6
9.61401400649074e-6
0.000012466593219878321
0.00001615490426444057
0.00002092069513825056
0.00002707475295754825
0.0000350163679936036
0.0000452582145254837
0.000058458136485122597
0.0000754597292891438
0.00009734412061122356
0.00012549600065024546
0.0001616877726194825
0.00020818673198133694
0.0002678914953688552
0.00034450555888282006
0.00044275796072494865
0.0005686836682952431
0.0007299796473722934
0.0009364567796403011
0.0012006130990413642
0.0015383604986820144
0.001969945471136209
0.0025211150280045193
0.0032245922530270065
0.00412194266963594
0.005265933615071015
0.006723515192340303
0.008579584471969003
0.010941736128063404
0.013946254727738942
0.01776566908178411
0.022618270689893447
0.028780100466592122
0.036600035709596856
0.04651876901471704
0.05909267044464675
0.07502377354140695
0.09519743693901025
0.1207296215490788
0.15302620739061748
0.19385737749255222
0.2454508479161784
0.31060865878822064
0.3928534058787226
0.4966112409223973
0.6274407699438611
0.7923192169317826