011111111011110000011110101101111101010101101101010110000000111111010101110
100100110110110100100111110010110111010010010101001110111000001101001011110
001111010010100001000101011100110000011000000111111110001110101001010101010
011001010001000001000110001111001111100100011111010000000000011110101011111
001000001001100000001001111011100111111000110110001110111110100110111001110
010110000010111011100111001110100100010101111010001011110111100101011101010
101001111100010000011011110000100100111000011111000010101011010001000110011
010001000101011101101111111000011011001111111000011010101011101101100000010
101101011110000010111011010101001000111001110001101010010100111101000110011
101000100110110011000101011101000001010010110100011111100001011100001111100
100010100111011000110010000100000010110111110000011001000101110111110111011
001100110100010001100100101011011110110011010001110110000011100001110011001
101000101101111010001111100111011100001000010001001111000111010101011010111
001000011111010111101011011100001111010011110111100110000100011100000011110
100000010010111011011000000111001001001001110110111000010001100001000010000
111101011010010000011000111000001000110111111101001000101010001100001010000
010001011110101110001110001000001011001000110111011010100111101100011101101
111111010110011111101011001101111010100010000010001000010011110101001100000
010101010001001110000001110111011001010111110010111111111110100110100010100
010010001010001000000100110010001111101100010110010100100110011010010110101
011001011100101101100100101100110111001001101101011011101100010100110101111
000100011110110101101000011100101001100101010011111110111100101011111011101
110011011111010001110101011110011011000010000110100001000011111101011011010
100100100101001111111110110101101011100110110100101111001011100000010100111
111101010101100111000001100101101100101100000000000110101101000000111111101
011011100010101100110100010000011011101001101001110010100111010100101101001
101100100101101101001110000110000000111011011110111001100011011100000111011
101101001111001010001011101001010110010010100101100011100111111100111010110
101110101011010110001010000001010100100010110110110110101101100101010110110
000011111111000000111011111010110001110100011010010001010000001010110010111
011110010111001001010110000110100011001010100000010010011000001101100100011
101011011001000011000001111111011101100100110001000000111111111101101011110
001001000011001001111101101000100010101000101110000110110000000111010000101
011000001100010101001110100101001111000010111011001101001101110110000101110
110001001110110010101101001100001001100100111111100110110111101100011010001
001000110110101110010100100100111101010111100000110110101100101110001100000
111111110000101100110001110101010110100011010100010001010100001111001100000
101111110101001010011001100010111100100000110111001111001011011000001001000
010111110001011111001101111100000001001010100000011100100010000111110010010
101001011101110000000011100001101100001111001110111001010101111001010101011
100010011111000100101011100011000100101111010010001000001011101110100111111
000010010100000110100100000011000111000110000011010010101111110000010010010
101100011001010110000000001111011001011011010001001111011000110111101110100
000100000011010010101010110011110110001110111011111000010011010111110110000
110011101011001001001111111101010111110100000000000010101110001111101011010
110100010111110111000010001011000101000010110110000000100111000010001111011
100101111100111110101011001010101110110110111111100011110010110011011101011
100001011110110000000101001111100010011100111001000100110110001010010111010
000011000110011111111001000001010001100011101011101010001000101001101100001
000110010101100001111101010000101101010011111001100010101011011101001111011
001101110011100101100100010000100111001010011000111100010011110010101001100
111000101111111001101000111100111100010111001101100101010101101011011010101
100110000111000101000101010000000000011001001001011101101011000011100001110
001000001001110111010001110010101001000100101110011101000000010101001100001
010111101100000111100101100100111000000010011010000101011010011100110110011
001101101111001111001100101001101100010101101001111100010001000010010010001
001110100000110000000101111111101000111000001100000101000011100001001111100
010111111011000110101101111001101100010101011001111000101010100101110111100
100011100101110100000010010010001011100111000111011011100100001011010100010
110111100110000010101101110100011000010101100000010010101110001011101011001
101001011101011001110001111100011011010001111101101011111111011010001100110
100000100011010101100111100110110100000010100110011011101101000110001001101
011101111110100001100010111110000100000001100011101110010000000101101011010
100110001011100011010011010000001001001111111100111000001000000100110111011
000011001001000100011000110110110100011100111100111111001110001111010011111
110100010010011001001100111110000011100111010000101000011111001100011000001
111011111011101101100111100011101011011001111111101010001001101010011000001
110010000010100001111100010000010110101001111000101111001011011100010001001
010000000100000010111100001000101001011111110010010111111100100001011101110
100001011111010111101110001111101011110001001010111001110111000011111111100
000100001100100010011010010110100010100100111110101100000100110101011011100
000001101000000010010111011111101000001101111110001110101000000010100110000
011010100010011100101010110110111011110110100000010011001100010010011011111
111111011001010010111000000111110101010100011101100100100111010100101101011
001001000010011100010011010011010110101110111011001011001001101110001000001
