1.
0.9474662072943414
0.8975263216408715
0.8500604995164364
0.8049540520563309
0.7620972398742607
0.7213850753880862
0.6827171324010921
0.6459973626960617
0.6111339194067555
0.5780389869385273
0.5466286172167463
0.5168225720484447
0.4885441713891751
0.461720147313451
0.43628050349335173
0.412158379995921
0.38928992321585665
0.3676141607657084
0.3470728811513484
0.32761051806588387
0.3091740391404282
0.29171283899524614
0.27517863643975043
0.2595253756746433
0.24470913135417627
0.2306880173710538
0.21742209923092015
0.204873309887665
0.19300536891494857
0.18178370489339704
0.17117538089685
0.1611490229648569
0.1516747514523271
0.14272411515083286
0.13427002807955757
0.12628670884726856
0.11874962248998204
0.11163542469217858
0.1049219083025216
0.09858795205803425
0.09261347143360239
0.08697937153649495
0.08166750196833276
0.07666061357959121
0.07194231704429786
0.06749704318508062
0.06331000498114159
0.05936716119407581
0.05565518154872547
0.05216141340846106
0.04887384988641325
0.04578109933624428
0.042872356168048006
0.040137372936904704
0.03756643365349239
0.035150328267971855
0.03288032828012083
0.03074816343039332
0.028745999428227004
0.02686641667551432
0.025102389944694287
0.02344726897241291
0.021894759931142184
0.020438907742542117
0.019074079197698934
0.01779494685067599
0.01659647365307447
0.015473898298518836
0.014422721247159157
0.013438691401419855
0.01251779340532312
0.011656235540776742
0.010850438195241134
0.010097022876180245
0.009392801748656794
0.008734767673354843
0.00812008472320337
0.007546079157633704
0.007010230834333139
0.006510165039156838
0.006043644715631897
0.0056085630762315935
0.00520293657831546
0.004824898248322637
0.004472691338472859
0.004144663300872134
0.0038392600645395323
0.003555020601468136
0.00329057176840802
0.0030446234116126335
0.0028159637223230216
0.002603454831277456
0.002406028631028039
0.0022226828153212074
0.002052477125256491
0.0018945297923779346
0.0017480141692758611
0.0016121555386836791
0.0014862280924458093
0.001369552072109008
0.0012614910632509338
0.0011614494360072474
0.0010688699245923145
0.0009832313389291961
0.0009040464018124872
0.0008308597053231751
0.0007632457804984401
0.0007008072745316482
0.0006431732300390716
0.0005899974611805431
0.0005409570216616385
0.0004957507598755081
0.0004540979566634529
0.0004157370413851462
0.00038042438219234654
0.000347933146594376
0.00031805222858984945
0.00029058523881744916
0.00026534955434923585
0.00024217542491335742
0.0002209051324893363
0.00020139220136865447
0.00018350065591636703
0.00016710432340621376
0.00015208617943240278
0.00013833773352614658
0.00012575845272436303
0.00011425522095193147
0.0001037418321877281
0.00009413851548855759
0.00008537149004424843
0.000077372548531777
0.000070078667126512
0.0000634316406147071
0.00005737774113338299
0.000051867399141898234
0.00004685490530396862
0.00004229813202981249
0.000038158273495620854
0.000034399603021820765
0.0000309892467527541
0.000027896972638565963
0.000025094993775413466
0.000022557785212690835
0.000020261913385938672
0.000018185877381577696
0.00001630996128469034
0.000014616096903872817
0.0000130877362077972
0.000011709732846655306
0.00001046823216819801
9.350569172724966e-6
8.34517388420756e-6
7.441483645825701e-6
6.629861877646585e-6
5.901522862048046e-6
5.248462148864095e-6
4.663392197176695e-6
4.139682894263656e-6
3.6713066145028885e-6
3.2527875020906548e-6
2.8791546813157766e-6
2.5458991169003764e-6
2.2489338646256382e-6
1.9845574691608954e-6
1.749420281756501e-6
1.5404934852936308e-6
1.355040628153543e-6
1.1905914815190065e-6
1.0449180470938e-6
9.160125538626774e-7
8.020672934525159e-7
7.014561539323174e-7
6.127177215403854e-7
5.345398288849347e-7
4.657454366615032e-7
4.0527974389738446e-7
3.5219842919888303e-7
3.0565693246925486e-7
2.649006931100746e-7
2.2925626684159988e-7
1.981232490023686e-7
1.7096693753751094e-7
1.4731167388069734e-7
1.2673480459682416e-7
1.0886121100098348e-7
9.335835802250909e-8
7.99318173585308e-8
6.832122347620014e-8
5.8296624292399395e-8
4.965519139931832e-8
4.2218257527992224e-8
3.582865156319973e-8
3.0348303854755786e-8
2.5656096824253077e-8
2.164593795409221e-8
1.8225034177959558e-8
1.531234847892396e-8
1.2837221152620508e-8
1.0738139717618555e-8
8.961642861559697e-9
7.46134510803491e-9
6.197070083012513e-9
5.134081358048406e-9
4.24240085720032e-9
3.496205741817745e-9
2.8732955380956507e-9
2.3546220520051728e-9
1.9238753301459534e-9
1.5671195780732013e-9
1.272473544298402e-9
1.0298304227132301e-9
8.306128226312254e-10
6.675588077082191e-10
5.345354161694041e-10
4.2637644828295217e-10
3.387416459007857e-10
2.6799469595153104e-10
2.1109776763730235e-10
1.6552054418823525e-10
1.2916193662588122e-10
1.0028287117423718e-10
7.744872567702139e-11
5.948015542912286e-11
4.541119687079199e-11
3.44536701600384e-11
2.5967020147937647e-11
1.943284103804719e-11
1.4433424215928122e-11
1.0633752491910949e-11
7.766438323319823e-12
5.619169400689624e-12
4.024283146942525e-12
2.850142966982163e-12
1.9940342079431405e-12
1.3763373948231363e-12
9.357709816623547e-13
6.255261402271268e-13
4.1014248196858824e-13
2.629965146349096e-13
1.6429446979831804e-13
9.947826028816193e-14
5.796805992518289e-14
3.217763207028789e-14
1.6749328351066332e-14
7.964867083954816e-15
3.2957898990298015e-15
1.064069618673713e-15
1.8886652820345284e-16
4.898531332555949e-20
1.0293600037216238e-16
2.8189675980844e-16
4.330539848292695e-16
5.1847099124507e-16
5.359316559255279e-16
4.998135374543404e-16
4.296635872556374e-16
3.4396176732163086e-16
2.5724201083766975e-16
1.7926769931078788e-16
1.153601356568275e-16
6.727856902045807e-17
3.427023638270539e-17
1.4066100116293692e-17
3.70685293617067e-18
1.5604672748859817e-19
7.0232669598742755e-19
3.1782439324080675e-18
6.034890341520113e-18
8.314217162066676e-18
9.557818773227809e-18
9.684737479594014e-18
8.863292367489792e-18
7.394296279876278e-18
5.616087920796653e-18
3.836015578296503e-18
2.2885551897948373e-18
1.1171381654630084e-18
3.748923704796639e-19
3.867835169491698e-20
3.081107951609799e-20
2.4346509412988067e-19
5.617490858224606e-19
8.82610421647303e-19
1.1279297632127418e-18
1.251266467056862e-18
1.2386302303591615e-18
1.1043323211791938e-18
8.83391333916659e-19
6.221410291998226e-19
3.686396430664987e-19
1.6425413782313876e-19
3.744121114438262e-20
3.2489639152289703e-22
4.823222670006701e-20
1.6194209897149322e-19
3.1206783607865035e-19
4.647597447468802e-19
5.877967717061673e-19
6.561402837755878e-19
6.561402837755878e-19
5.877967717061673e-19
4.647597447468802e-19
3.1206783607865035e-19
1.6194209897149322e-19
4.823222670006701e-20
3.2489639152289703e-22
3.744121114438262e-20
1.6425413782313876e-19
3.686396430664987e-19
6.221410291998226e-19
8.83391333916659e-19
1.1043323211791938e-18
1.2386302303591615e-18
1.251266467056862e-18
1.1279297632127418e-18
8.82610421647303e-19
5.617490858224606e-19
2.4346509412988067e-19
3.081107951609799e-20
3.867835169491698e-20
3.748923704796639e-19
1.1171381654630084e-18
2.2885551897948373e-18
3.836015578296503e-18
5.616087920796653e-18
7.394296279876278e-18
8.863292367489792e-18
9.684737479594014e-18
9.557818773227809e-18
8.314217162066676e-18
6.034890341520113e-18
3.1782439324080675e-18
7.0232669598742755e-19
1.5604672748859817e-19
3.70685293617067e-18
1.4066100116293692e-17
3.427023638270539e-17
6.727856902045807e-17
1.153601356568275e-16
1.7926769931078788e-16
2.5724201083766975e-16
3.4396176732163086e-16
4.296635872556374e-16
4.998135374543404e-16
5.359316559255279e-16
5.1847099124507e-16
4.330539848292695e-16
2.8189675980844e-16
1.0293600037216238e-16
4.898531332555949e-20
1.8886652820345284e-16
1.064069618673713e-15
3.2957898990298015e-15
7.964867083954816e-15
1.6749328351066332e-14
3.217763207028789e-14
5.796805992518289e-14
9.947826028816193e-14
1.6429446979831804e-13
2.629965146349096e-13
4.1014248196858824e-13
6.255261402271268e-13
9.357709816623547e-13
1.3763373948231363e-12
1.9940342079431405e-12
2.850142966982163e-12
4.024283146942525e-12
5.619169400689624e-12
7.766438323319823e-12
1.0633752491910949e-11
1.4433424215928122e-11
1.943284103804719e-11
2.5967020147937647e-11
3.44536701600384e-11
4.541119687079199e-11
5.948015542912286e-11
7.744872567702139e-11
1.0028287117423718e-10
1.2916193662588122e-10
1.6552054418823525e-10
2.1109776763730235e-10
2.6799469595153104e-10
3.387416459007857e-10
4.2637644828295217e-10
5.345354161694041e-10
6.675588077082191e-10
8.306128226312254e-10
1.0298304227132301e-9
1.272473544298402e-9
1.5671195780732013e-9
1.9238753301459534e-9
2.3546220520051728e-9
2.8732955380956507e-9
3.496205741817745e-9
4.24240085720032e-9
5.134081358048406e-9
6.197070083012513e-9
7.46134510803491e-9
8.961642861559697e-9
1.0738139717618555e-8
1.2837221152620508e-8
1.531234847892396e-8
1.8225034177959558e-8
2.164593795409221e-8
2.5656096824253077e-8
3.0348303854755786e-8
3.582865156319973e-8
4.2218257527992224e-8
4.965519139931832e-8
5.8296624292399395e-8
6.832122347620014e-8
7.99318173585308e-8
9.335835802250909e-8
1.0886121100098348e-7
1.2673480459682416e-7
1.4731167388069734e-7
1.7096693753751094e-7
1.981232490023686e-7
2.2925626684159988e-7
2.649006931100746e-7
3.0565693246925486e-7
3.5219842919888303e-7
4.0527974389738446e-7
4.657454366615032e-7
5.345398288849347e-7
6.127177215403854e-7
7.014561539323174e-7
8.020672934525159e-7
9.160125538626774e-7
1.0449180470938e-6
1.1905914815190065e-6
1.355040628153543e-6
1.5404934852936308e-6
1.749420281756501e-6
1.9845574691608954e-6
2.2489338646256382e-6
2.5458991169003764e-6
2.8791546813157766e-6
3.2527875020906548e-6
3.6713066145028885e-6
4.139682894263656e-6
4.663392197176695e-6
5.248462148864095e-6
5.901522862048046e-6
6.629861877646585e-6
7.441483645825701e-6
8.34517388420756e-6
9.350569172724966e-6
0.00001046823216819801
0.000011709732846655306
0.0000130877362077972
0.000014616096903872817
0.00001630996128469034
0.000018185877381577696
0.000020261913385938672
0.000022557785212690835
0.000025094993775413466
0.000027896972638565963
0.0000309892467527541
0.000034399603021820765
0.000038158273495620854
0.00004229813202981249
0.00004685490530396862
0.000051867399141898234
0.00005737774113338299
0.0000634316406147071
0.000070078667126512
0.000077372548531777
0.00008537149004424843
0.00009413851548855759
0.0001037418321877281
0.00011425522095193147
0.00012575845272436303
0.00013833773352614658
0.00015208617943240278
0.00016710432340621376
0.00018350065591636703
0.00020139220136865447
0.0002209051324893363
0.00024217542491335742
0.00026534955434923585
0.00029058523881744916
0.00031805222858984945
0.000347933146594376
0.00038042438219234654
0.0004157370413851462
0.0004540979566634529
0.0004957507598755081
0.0005409570216616385
0.0005899974611805431
0.0006431732300390716
0.0007008072745316482
0.0007632457804984401
0.0008308597053231751
0.0009040464018124872
0.0009832313389291961
0.0010688699245923145
0.0011614494360072474
0.0012614910632509338
0.001369552072109008
0.0014862280924458093
0.0016121555386836791
0.0017480141692758611
0.0018945297923779346
0.002052477125256491
0.0022226828153212074
0.002406028631028039
0.002603454831277456
0.0028159637223230216
0.0030446234116126335
0.00329057176840802
0.003555020601468136
0.0038392600645395323
0.004144663300872134
0.004472691338472859
0.004824898248322637
0.00520293657831546
0.0056085630762315935
0.006043644715631897
0.006510165039156838
0.007010230834333139
0.007546079157633704
0.00812008472320337
0.008734767673354843
0.009392801748656794
0.010097022876180245
0.010850438195241134
0.011656235540776742
0.01251779340532312
0.013438691401419855
0.014422721247159157
0.015473898298518836
0.01659647365307447
0.01779494685067599
0.019074079197698934
0.020438907742542117
0.021894759931142184
0.02344726897241291
0.025102389944694287
0.02686641667551432
0.028745999428227004
0.03074816343039332
0.03288032828012083
0.035150328267971855
0.03756643365349239
0.040137372936904704
0.042872356168048006
0.04578109933624428
0.04887384988641325
0.05216141340846106
0.05565518154872547
0.05936716119407581
0.06331000498114159
0.06749704318508062
0.07194231704429786
0.07666061357959121
0.08166750196833276
0.08697937153649495
0.09261347143360239
0.09858795205803425
0.1049219083025216
0.11163542469217858
0.11874962248998204
0.12628670884726856
0.13427002807955757
0.14272411515083286
0.1516747514523271
0.1611490229648569
0.17117538089685
0.18178370489339704
0.19300536891494857
0.204873309887665
0.21742209923092015
0.2306880173710538
0.24470913135417627
0.2595253756746433
0.27517863643975043
0.29171283899524614
0.3091740391404282
0.32761051806588387
0.3470728811513484
0.3676141607657084
0.38928992321585665
0.412158379995921
0.43628050349335173
0.461720147313451
0.4885441713891751
0.5168225720484447
0.5466286172167463
0.5780389869385273
0.6111339194067555
0.6459973626960617
0.6827171324010921
0.7213850753880862
0.7620972398742607
0.8049540520563309
0.8500604995164364
0.8975263216408715
0.9474662072943414