1.
0.9604398768576033
0.9223687711888847
0.8857335061526733
0.8504827012295689
0.8165667150240526
0.7839375897766585
0.7525489975384108
0.7223561879609838
0.6933159376572423
0.6653865010880143
0.6385275629320938
0.612700191897602
0.5878667959339371
0.5639910788046067
0.5410379979822967
0.5189737238285358
0.49776560002132625
0.47738210519507285
0.45779281575809205
0.4389683698539128
0.4208804324334751
0.40350166140621785
0.386805674838902
0.3707670191718529
0.3553611384231219
0.3405643443518612
0.326353787552984
0.3127074294559354
0.2996040152011405
0.2870230473684113
0.27494476053229705
0.26335009662004605
0.252220681048511
0.24153879961698052
0.23128737613355246
0.22144995075327895
0.21201065900691626
0.20295421149969733
0.1942658742601144
0.18593144971925615
0.17793725830178558
0.17027012061017127
0.1629173401842996
0.15586668681909668
0.14910638042327548
0.14262507540279978
0.13641184555311833
0.13045616944467464
0.1247479162866355
0.11927733225420924
0.1140350272653416
0.10901196219298094
0.10419943649950064
0.09958907628024939
0.09517282270357519
0.09094292083503194
0.0868919088338326
0.08301260750995743
0.0792981102306618
0.07574177316545448
0.07233720585893562
0.0690782621211927
0.065959031225754
0.06297382940539216
0.06011719163635494
0.05738386370187814
0.05476879452610485
0.052267128769797944
0.049874199679487675
0.04758552218194435
0.04539678621610785
0.04330385029484013
0.04130273528909508
0.03938961842732244
0.03756082750313785
0.03581283528450118
0.034142254117849255
0.032545830720827056
0.031020441157454764
0.02956308598975466
0.02817088560004464
0.026841075678281413
0.025571002869008857
0.02435812057263382
0.02319998489591403
0.02209425074670056
0.0210386680681304
0.020031078207613653
0.019069410416104243
0.01815167847328378
0.017275977434424168
0.01644048049482739
0.01564343596786929
0.01488316437279907
0.014158055628567609
0.01346656635007527
0.012807217243344247
0.012178590596231404
0.011579327861405255
0.01100812732841525
0.010463741881782895
0.009944976842142838
0.009450687887557286
0.008979779052220128
0.008531200799856743
0.008103948169212926
0.007697058989110842
0.007309612160632082
0.006940726004067426
0.006589556668350196
0.006255296600764913
0.005937173074795537
0.005634446774048055
0.00534641043025033
0.0050723875133983545
0.004811730972182128
0.004563822022886625
0.004328068985023459
0.004103906162007342
0.003890792765247963
0.0036882118800827465
0.0034956694720290732
0.0033126934318860254
0.00313883265826554
0.002973656176181174
0.002816752290369433
0.002667727772063928
0.0025262070779864866
0.0023918316003618003
0.0022642589468033552
0.0021431622489581506
0.0020282294988363115
0.0019191629117889574
0.0018156783151338314
0.0017175045614631229
0.0016243829657017355
0.0015360667650169814
0.0014523206007123245
0.0013729200212684476
0.0012976510057245165
0.0012263095066211993
0.0011587010117546938
0.001094640124017832
0.0010339501586302444
0.0009764627570846299
0.0009220175171604004
0.0008704616383793994
0.0008216495823010242
0.0007754427470759682
0.0007317091556989489
0.0006903231574212137
0.0006511651418033691
0.000614121264908149
0.0005790831871511711
0.0005459478223455227
0.0005146170974932209
0.000484997722893186
0.00045700097215140364
0.0004305424716944353
0.0004055419994023758
0.0003819232919917888
0.00035961386079307836
0.0003385448155801901
0.00031865069612351367
0.0002998693111493675
0.0002821415844015277
0.0002654114075119101
0.00024962549939875326
0.0002347332719214891
0.00022068670153194028
0.00020744020667156528
0.0001949505306741886
0.00018317662994302595
0.00017207956717984557
0.00016162240945281258
0.00015177013089795506
0.00014248951985727486
0.00013374909026431705
0.00012551899709551843
0.00011777095571288427
0.00011047816493050806
0.00010361523364415474
0.00009715811086958763
0.00009108401904153691
0.00008537139043119504
0.00007999980654588706
0.00007494994038011077
0.0000702035013924802
0.0000657431830882418
0.00006155261309197551
0.00005761630559984703
0.00005391961610535101
0.00005044869829688293
0.000047190463029707445
0.00004413253927895774
0.00004126323698421029
0.00003857151169993795
0.00003604693096975659
0.00003367964234585223
0.00003146034297831114
0.00002938025070228031
0.00002743107655396449
0.000025604998649422655
0.000023894637362966826
0.00002229303174469286
0.00002079361711929084
0.000019390203810795896
0.000018076956940352332
0.00001684837724637915
0.00001569928287874593
0.000014624792120699502
0.000013620306994325912
0.00001268149770729298
0.000011804287900499064
0.000010984840658056564
0.000010219545242767096
9.505004521902075e-6
8.838023049690446e-6
8.215595774436685e-6
7.634897339650292e-6
7.093271949964398e-6
6.588223773958841e-6
6.1174078572841e-6
5.678621520708985e-6
5.269796218889307e-6
4.888989836778778e-6
4.534379401679035e-6
4.20425418995512e-6
3.8970092084274955e-6
3.611139031393722e-6
3.3452319751338793e-6
3.097964592615377e-6
2.868096471936484e-6
2.654465322835311e-6
2.4559823363435377e-6
2.2716278033833092e-6
2.100446978792781e-6
1.94154617792214e-6
1.7940890935687465e-6
1.6572933216186263e-6
1.5304270843330156e-6
1.4128061407641667e-6
1.3037908743052485e-6
1.2027835478759482e-6
1.1092257177193323e-6
1.0225957972375746e-6
9.424067627252889e-7
8.682039932702604e-7
7.995632374832354e-7
7.360887000919118e-7
6.774112417901849e-7
6.231866860727761e-7
5.730942271083679e-7
5.26834933011962e-7
4.84130339170057e-7
4.447211265510564e-7
4.0836588019867135e-7
3.748399233585953e-7
3.439342229289483e-7
3.1545436215348346e-7
2.892195766938319e-7
2.650618504236473e-7
2.428250674838785e-7
2.2236421732500968e-7
2.035446496394156e-7
1.8624137625540036e-7
1.7033841722444018e-7
1.5572818848501853e-7
1.423109286306053e-7
1.299941624461466e-7
1.1869219900724415e-7
1.0832566225934139e-7
9.882105211101333e-8
9.011033418617951e-8
8.213055648501314e-8
7.482349130278191e-8
6.813530085008834e-8
6.201622510723531e-8
5.642029052996526e-8
5.130503830384e-8
4.663127092026394e-8
4.236281591881612e-8
3.8466305708347584e-8
3.4910972443412144e-8
3.166845699321441e-8
2.8712631097553713e-8
2.6019431858383326e-8
2.3566707766751424e-8
2.133407551319441e-8
1.9302786875260875e-8
1.7455605018892965e-8
1.577668959101373e-8
1.4251490018989496e-8
1.2866646468775318e-8
1.1609897947623312e-8
1.0469997069346302e-8
9.43663103038699e-9
8.5003483734433e-9
7.652491142238217e-9
6.885132056285738e-9
6.191016358278999e-9
5.563508009092112e-9
4.996539926421115e-9
4.484567982864055e-9
4.022528497825023e-9
3.6057989750876995e-9
3.2301618543030855e-9
2.89177106003279e-9
2.5871211464399437e-9
2.3130188492777783e-9
2.066556869541859e-9
1.8450897250739185e-9
1.646211517578713e-9
1.4677354729835096e-9
1.3076751228735747e-9
1.1642270039151162e-9
1.0357547607661886e-9
9.20774546010866e-10
8.179416181653045e-10
7.260380458273057e-10
6.439614326029907e-10
5.707145835730225e-10
5.053960397827231e-10
4.471914125802251e-10
3.9536545460792923e-10
3.492548088971081e-10
3.0826138184441184e-10
2.7184628988197075e-10
2.395243334083531e-10
2.1085895504333259e-10
1.8545764252176508e-10
1.6296773956642363e-10
1.4307263089104512e-10
1.2548827009689324e-10
1.099600216518227e-10
9.625979039234433e-11
8.418341407802859e-11
7.354829646453001e-11
6.419126015671724e-11
5.596660016636659e-11
4.874432063857215e-11
4.240853863582615e-11
3.685604018650404e-11
3.1994975022628786e-11
2.7743677557203717e-11
2.40296026905737e-11
2.0788365994266627e-11
1.7962878705260206e-11
1.550256877892551e-11
1.3362679999985835e-11
1.1503641842340354e-11
9.890503404874145e-12
8.492425335459232e-12
7.28222419302505e-12
6.235964191366756e-12
5.332591721553073e-12
4.553608465454863e-12
3.8827792938936975e-12
3.3058714918619782e-12
2.810422172662584e-12
2.3855310349536776e-12
2.0216758836975646e-12
1.71054857988372e-12
1.4449093064653553e-12
1.2184572409231388e-12
1.0257159098313403e-12
8.619316692170474e-13
7.229839077297786e-13
6.053057089331682e-13
5.058138355541667e-13
4.2184701335210615e-13
3.5111159639157404e-13
2.9163378983445803e-13
2.417176917517702e-13
1.9990849267274737e-13
1.649602413536048e-13
1.3580764822040978e-13
1.1154145472605035e-13
9.138694801722818e-14
7.468524634524533e-14
6.087702204328959e-14
4.948836606307267e-14
4.0118531408991894e-14
3.242932268899889e-14
2.6135925747723003e-14
2.0998995260266802e-14
1.681783951934435e-14
1.3424560694725724e-14
1.067902581064191e-14
8.46455878173416e-15
6.6842572602841335e-15
5.2578499484982795e-15
4.119020575309746e-15
3.213134068701409e-15
2.4953086997942814e-15
1.928785249524137e-15
1.4835506571175485e-15
1.1351792460517009e-15
8.638595727120046e-16
6.535792820403189e-16
4.914441518674707e-16
3.671108250993751e-16
2.723156218515159e-16
2.0048434159041142e-16
1.464101526872106e-16
1.0598856311496616e-16
7.600010663314434e-17
5.3932795131587494e-17
3.7837607788738254e-17
2.6211336126837706e-17
1.7902002882648712e-17
1.2032841278785311e-17
7.941476923639433e-18
5.131512294561101e-18
3.2341868550644867e-18
1.9781859827111837e-18
1.1660092525065442e-18
6.555921563930113e-19
3.461128254964803e-19
1.6711352886742227e-19
7.02315264778508e-20
2.2970341663103003e-20
4.055080471448458e-21
7.843378271161034e-24
2.654794289103171e-21
7.337850584237574e-21
1.1653605997446135e-20
1.458201030338805e-20
1.5899213179347183e-20
1.5794275000815374e-20
1.4629365923194733e-20
1.279863025197225e-20
1.0652930635333812e-20
8.46690658067458e-21
6.431762090290033e-21
4.662411851906785e-21
3.2114508519366046e-21
2.0851814553893356e-21
1.258886500000811e-21
6.898773995492068e-22
3.277311766596952e-22
1.2168375848585986e-22
2.546465374752085e-23
1.3435264330480205e-26
1.4566206692163158e-23
4.658090408121165e-23
8.091299171149837e-23
1.0857818349190385e-22
1.2535987067636322e-22
1.3044454819412616e-22
1.252036034172738e-22
1.121866353652045e-22
9.435048335524332e-23
7.451867117541003e-23
5.504663601775174e-23
3.765718983278689e-23
2.3406339303123565e-23
1.2740126322574096e-23
5.606977457097722e-24
1.5958364316080848e-24
7.702364868867883e-26
3.2950228680078306e-25
1.6444504478400806e-24
3.4003711132806106e-24
5.109219647596474e-24
6.4361353011288835e-24
7.197376641692639e-24
7.342102069648678e-24
6.923871318351961e-24
6.0673590033270684e-24
4.934955920386308e-24
3.696864818298367e-24
2.5071295591244183e-24
1.4868964367952017e-24
7.15189380520403e-25
2.266510756814389e-25
1.5094778958396247e-26
4.1336254844123633e-26
2.436202025784042e-25
5.489931298416901e-25
8.841663435892644e-25
1.1847141088685358e-24
1.4018171158885076e-24
1.5061465116731484e-24
1.4888504712940134e-24
1.3599225787451268e-24
1.1444768266655802e-24
8.776146874599865e-25
5.986412925854225e-25
3.4537427525167584e-25
1.4920114008791535e-25
3.139520927692689e-26
1.0157544670758092e-27
5.451588100846997e-26
1.769828241703036e-25
3.4475836538707325e-25
5.290476154698239e-25
7.000336635418986e-25
8.309798165827508e-25
9.018214064135072e-25
9.018214064135072e-25
8.309798165827508e-25
7.000336635418986e-25
5.290476154698239e-25
3.4475836538707325e-25
1.769828241703036e-25
5.451588100846997e-26
1.0157544670758092e-27
3.139520927692689e-26
1.4920114008791535e-25
3.4537427525167584e-25
5.986412925854225e-25
8.776146874599865e-25
1.1444768266655802e-24
1.3599225787451268e-24
1.4888504712940134e-24
1.5061465116731484e-24
1.4018171158885076e-24
1.1847141088685358e-24
8.841663435892644e-25
5.489931298416901e-25
2.436202025784042e-25
4.1336254844123633e-26
1.5094778958396247e-26
2.266510756814389e-25
7.15189380520403e-25
1.4868964367952017e-24
2.5071295591244183e-24
3.696864818298367e-24
4.934955920386308e-24
6.0673590033270684e-24
6.923871318351961e-24
7.342102069648678e-24
7.197376641692639e-24
6.4361353011288835e-24
5.109219647596474e-24
3.4003711132806106e-24
1.6444504478400806e-24
3.2950228680078306e-25
7.702364868867883e-26
1.5958364316080848e-24
5.606977457097722e-24
1.2740126322574096e-23
2.3406339303123565e-23
3.765718983278689e-23
5.504663601775174e-23
7.451867117541003e-23
9.435048335524332e-23
1.121866353652045e-22
1.252036034172738e-22
1.3044454819412616e-22
1.2535987067636322e-22
1.0857818349190385e-22
8.091299171149837e-23
4.658090408121165e-23
1.4566206692163158e-23
1.3435264330480205e-26
2.546465374752085e-23
1.2168375848585986e-22
3.277311766596952e-22
6.898773995492068e-22
1.258886500000811e-21
2.0851814553893356e-21
3.2114508519366046e-21
4.662411851906785e-21
6.431762090290033e-21
8.46690658067458e-21
1.0652930635333812e-20
1.279863025197225e-20
1.4629365923194733e-20
1.5794275000815374e-20
1.5899213179347183e-20
1.458201030338805e-20
1.1653605997446135e-20
7.337850584237574e-21
2.654794289103171e-21
7.843378271161034e-24
4.055080471448458e-21
2.2970341663103003e-20
7.02315264778508e-20
1.6711352886742227e-19
3.461128254964803e-19
6.555921563930113e-19
1.1660092525065442e-18
1.9781859827111837e-18
3.2341868550644867e-18
5.131512294561101e-18
7.941476923639433e-18
1.2032841278785311e-17
1.7902002882648712e-17
2.6211336126837706e-17
3.7837607788738254e-17
5.3932795131587494e-17
7.600010663314434e-17
1.0598856311496616e-16
1.464101526872106e-16
2.0048434159041142e-16
2.723156218515159e-16
3.671108250993751e-16
4.914441518674707e-16
6.535792820403189e-16
8.638595727120046e-16
1.1351792460517009e-15
1.4835506571175485e-15
1.928785249524137e-15
2.4953086997942814e-15
3.213134068701409e-15
4.119020575309746e-15
5.2578499484982795e-15
6.6842572602841335e-15
8.46455878173416e-15
1.067902581064191e-14
1.3424560694725724e-14
1.681783951934435e-14
2.0998995260266802e-14
2.6135925747723003e-14
3.242932268899889e-14
4.0118531408991894e-14
4.948836606307267e-14
6.087702204328959e-14
7.468524634524533e-14
9.138694801722818e-14
1.1154145472605035e-13
1.3580764822040978e-13
1.649602413536048e-13
1.9990849267274737e-13
2.417176917517702e-13
2.9163378983445803e-13
3.5111159639157404e-13
4.2184701335210615e-13
5.058138355541667e-13
6.053057089331682e-13
7.229839077297786e-13
8.619316692170474e-13
1.0257159098313403e-12
1.2184572409231388e-12
1.4449093064653553e-12
1.71054857988372e-12
2.0216758836975646e-12
2.3855310349536776e-12
2.810422172662584e-12
3.3058714918619782e-12
3.8827792938936975e-12
4.553608465454863e-12
5.332591721553073e-12
6.235964191366756e-12
7.28222419302505e-12
8.492425335459232e-12
9.890503404874145e-12
1.1503641842340354e-11
1.3362679999985835e-11
1.550256877892551e-11
1.7962878705260206e-11
2.0788365994266627e-11
2.40296026905737e-11
2.7743677557203717e-11
3.1994975022628786e-11
3.685604018650404e-11
4.240853863582615e-11
4.874432063857215e-11
5.596660016636659e-11
6.419126015671724e-11
7.354829646453001e-11
8.418341407802859e-11
9.625979039234433e-11
1.099600216518227e-10
1.2548827009689324e-10
1.4307263089104512e-10
1.6296773956642363e-10
1.8545764252176508e-10
2.1085895504333259e-10
2.395243334083531e-10
2.7184628988197075e-10
3.0826138184441184e-10
3.492548088971081e-10
3.9536545460792923e-10
4.471914125802251e-10
5.053960397827231e-10
5.707145835730225e-10
6.439614326029907e-10
7.260380458273057e-10
8.179416181653045e-10
9.20774546010866e-10
1.0357547607661886e-9
1.1642270039151162e-9
1.3076751228735747e-9
1.4677354729835096e-9
1.646211517578713e-9
1.8450897250739185e-9
2.066556869541859e-9
2.3130188492777783e-9
2.5871211464399437e-9
2.89177106003279e-9
3.2301618543030855e-9
3.6057989750876995e-9
4.022528497825023e-9
4.484567982864055e-9
4.996539926421115e-9
5.563508009092112e-9
6.191016358278999e-9
6.885132056285738e-9
7.652491142238217e-9
8.5003483734433e-9
9.43663103038699e-9
1.0469997069346302e-8
1.1609897947623312e-8
1.2866646468775318e-8
1.4251490018989496e-8
1.577668959101373e-8
1.7455605018892965e-8
1.9302786875260875e-8
2.133407551319441e-8
2.3566707766751424e-8
2.6019431858383326e-8
2.8712631097553713e-8
3.166845699321441e-8
3.4910972443412144e-8
3.8466305708347584e-8
4.236281591881612e-8
4.663127092026394e-8
5.130503830384e-8
5.642029052996526e-8
6.201622510723531e-8
6.813530085008834e-8
7.482349130278191e-8
8.213055648501314e-8
9.011033418617951e-8
9.882105211101333e-8
1.0832566225934139e-7
1.1869219900724415e-7
1.299941624461466e-7
1.423109286306053e-7
1.5572818848501853e-7
1.7033841722444018e-7
1.8624137625540036e-7
2.035446496394156e-7
2.2236421732500968e-7
2.428250674838785e-7
2.650618504236473e-7
2.892195766938319e-7
3.1545436215348346e-7
3.439342229289483e-7
3.748399233585953e-7
4.0836588019867135e-7
4.447211265510564e-7
4.84130339170057e-7
5.26834933011962e-7
5.730942271083679e-7
6.231866860727761e-7
6.774112417901849e-7
7.360887000919118e-7
7.995632374832354e-7
8.682039932702604e-7
9.424067627252889e-7
1.0225957972375746e-6
1.1092257177193323e-6
1.2027835478759482e-6
1.3037908743052485e-6
1.4128061407641667e-6
1.5304270843330156e-6
1.6572933216186263e-6
1.7940890935687465e-6
1.94154617792214e-6
2.100446978792781e-6
2.2716278033833092e-6
2.4559823363435377e-6
2.654465322835311e-6
2.868096471936484e-6
3.097964592615377e-6
3.3452319751338793e-6
3.611139031393722e-6
3.8970092084274955e-6
4.20425418995512e-6
4.534379401679035e-6
4.888989836778778e-6
5.269796218889307e-6
5.678621520708985e-6
6.1174078572841e-6
6.588223773958841e-6
7.093271949964398e-6
7.634897339650292e-6
8.215595774436685e-6
8.838023049690446e-6
9.505004521902075e-6
0.000010219545242767096
0.000010984840658056564
0.000011804287900499064
0.00001268149770729298
0.000013620306994325912
0.000014624792120699502
0.00001569928287874593
0.00001684837724637915
0.000018076956940352332
0.000019390203810795896
0.00002079361711929084
0.00002229303174469286
0.000023894637362966826
0.000025604998649422655
0.00002743107655396449
0.00002938025070228031
0.00003146034297831114
0.00003367964234585223
0.00003604693096975659
0.00003857151169993795
0.00004126323698421029
0.00004413253927895774
0.000047190463029707445
0.00005044869829688293
0.00005391961610535101
0.00005761630559984703
0.00006155261309197551
0.0000657431830882418
0.0000702035013924802
0.00007494994038011077
0.00007999980654588706
0.00008537139043119504
0.00009108401904153691
0.00009715811086958763
0.00010361523364415474
0.00011047816493050806
0.00011777095571288427
0.00012551899709551843
0.00013374909026431705
0.00014248951985727486
0.00015177013089795506
0.00016162240945281258
0.00017207956717984557
0.00018317662994302595
0.0001949505306741886
0.00020744020667156528
0.00022068670153194028
0.0002347332719214891
0.00024962549939875326
0.0002654114075119101
0.0002821415844015277
0.0002998693111493675
0.00031865069612351367
0.0003385448155801901
0.00035961386079307836
0.0003819232919917888
0.0004055419994023758
0.0004305424716944353
0.00045700097215140364
0.000484997722893186
0.0005146170974932209
0.0005459478223455227
0.0005790831871511711
0.000614121264908149
0.0006511651418033691
0.0006903231574212137
0.0007317091556989489
0.0007754427470759682
0.0008216495823010242
0.0008704616383793994
0.0009220175171604004
0.0009764627570846299
0.0010339501586302444
0.001094640124017832
0.0011587010117546938
0.0012263095066211993
0.0012976510057245165
0.0013729200212684476
0.0014523206007123245
0.0015360667650169814
0.0016243829657017355
0.0017175045614631229
0.0018156783151338314
0.0019191629117889574
0.0020282294988363115
0.0021431622489581506
0.0022642589468033552
0.0023918316003618003
0.0025262070779864866
0.002667727772063928
0.002816752290369433
0.002973656176181174
0.00313883265826554
0.0033126934318860254
0.0034956694720290732
0.0036882118800827465
0.003890792765247963
0.004103906162007342
0.004328068985023459
0.004563822022886625
0.004811730972182128
0.0050723875133983545
0.00534641043025033
0.005634446774048055
0.005937173074795537
0.006255296600764913
0.006589556668350196
0.006940726004067426
0.007309612160632082
0.007697058989110842
0.008103948169212926
0.008531200799856743
0.008979779052220128
0.009450687887557286
0.009944976842142838
0.010463741881782895
0.01100812732841525
0.011579327861405255
0.012178590596231404
0.012807217243344247
0.01346656635007527
0.014158055628567609
0.01488316437279907
0.01564343596786929
0.01644048049482739
0.017275977434424168
0.01815167847328378
0.019069410416104243
0.020031078207613653
0.0210386680681304
0.02209425074670056
0.02319998489591403
0.02435812057263382
0.025571002869008857
0.026841075678281413
0.02817088560004464
0.02956308598975466
0.031020441157454764
0.032545830720827056
0.034142254117849255
0.03581283528450118
0.03756082750313785
0.03938961842732244
0.04130273528909508
0.04330385029484013
0.04539678621610785
0.04758552218194435
0.049874199679487675
0.052267128769797944
0.05476879452610485
0.05738386370187814
0.06011719163635494
0.06297382940539216
0.065959031225754
0.0690782621211927
0.07233720585893562
0.07574177316545448
0.0792981102306618
0.08301260750995743
0.0868919088338326
0.09094292083503194
0.09517282270357519
0.09958907628024939
0.10419943649950064
0.10901196219298094
0.1140350272653416
0.11927733225420924
0.1247479162866355
0.13045616944467464
0.13641184555311833
0.14262507540279978
0.14910638042327548
0.15586668681909668
0.1629173401842996
0.17027012061017127
0.17793725830178558
0.18593144971925615
0.1942658742601144
0.20295421149969733
0.21201065900691626
0.22144995075327895
0.23128737613355246
0.24153879961698052
0.252220681048511
0.26335009662004605
0.27494476053229705
0.2870230473684113
0.2996040152011405
0.3127074294559354
0.326353787552984
0.3405643443518612
0.3553611384231219
0.3707670191718529
0.386805674838902
0.40350166140621785
0.4208804324334751
0.4389683698539128
0.45779281575809205
0.47738210519507285
0.49776560002132625
0.5189737238285358
0.5410379979822967
0.5639910788046067
0.5878667959339371
0.612700191897602
0.6385275629320938
0.6653865010880143
0.6933159376572423
0.7223561879609838
0.7525489975384108
0.7839375897766585
0.8165667150240526
0.8504827012295689
0.8857335061526733
0.9223687711888847
0.9604398768576033