1.
0.640398324104879
0.4096498204980545
0.26174896397278274
0.16705673631712872
0.10649936156370857
0.0678158408562448
0.04313338578502583
0.027402569611152904
0.017388472452603866
0.01102100013862137
0.0069769726626555915
0.004411603225639044
0.002786161099384384
0.0017574916510382042
0.0011072723799732875
0.0006967655413555753
0.00043791183494112907
0.0002748851687741617
0.00017233651116876266
0.00010790991954898074
0.00006748390607837867
0.0000421493111197829
0.000026292312997624274
0.00001637991841110998
0.00001019144700334151
6.332827437574692e-6
3.930009681036607e-6
2.4356797532594423e-6
1.507557033114631e-6
9.318600133922509e-7
5.752376233831874e-7
3.5461724699872813e-7
2.1831552948087238e-7
1.3422017802783824e-7
8.240537790039975e-8
5.0523564166775926e-8
3.093350686401071e-8
1.8912856072297252e-8
1.1547124383438338e-8
7.040042425247581e-9
4.2860507378922024e-9
2.6056482343634035e-9
1.5817815540639698e-9
9.588379688958072e-10
5.803735824710938e-10
3.507756158943376e-10
2.1169280776450242e-10
1.2756552076338364e-10
7.675496905395755e-11
4.611276128277751e-11
2.7661299440815022e-11
1.6567469503412182e-11
9.907571375499978e-12
5.915628403253559e-12
3.526568843270995e-12
2.099020845120572e-12
1.2473521501700025e-12
7.400555646709548e-13
4.383665535229504e-13
2.5924069485515163e-13
1.5305813261516836e-13
9.021771624402753e-14
5.308894353067835e-14
3.118801626557938e-14
1.8290995646391188e-14
1.0708960185824833e-14
6.259101429568614e-15
3.651957314760312e-15
2.1270741393897014e-15
1.23673579216681e-15
7.177986813056823e-16
4.1586635147876725e-16
2.405050506976222e-16
1.3883779953382914e-16
8.000148843104683e-17
4.601388175529132e-17
2.6416403050817425e-17
1.513721402607084e-17
8.657630374840594e-18
4.9422671109098845e-18
2.815922118732372e-18
1.6013098848787286e-18
9.088315935162345e-19
5.147988821344392e-19
2.9102525464575073e-19
1.6419325439749622e-19
9.244938568720267e-20
5.194805073971203e-20
2.9130188532323733e-20
1.6301153391922563e-20
9.103039695864112e-21
5.07270424860748e-21
2.8207816141678826e-21
1.5651929491320211e-21
8.66615287270331e-22
4.787802900194035e-22
2.639300898362445e-22
1.4516950565134536e-22
7.966851436499594e-23
4.3622815728434606e-23
2.3831259597779928e-23
1.298904256258874e-23
7.063085622200784e-24
3.8316794746679916e-24
2.0737254345143986e-24
1.11961974701672e-24
6.030269340685275e-25
3.23995666862451e-25
1.7364700581466503e-25
9.283464472778654e-26
4.950583833351891e-26
2.633267539976751e-26
1.3970573453146592e-26
7.392688306250794e-27
3.901642572771447e-27
2.0537012395672305e-27
1.0781005862381853e-27
5.644179541706771e-28
2.9467881360837983e-28
1.534229504995298e-28
7.965473073694276e-29
4.1238120579665275e-29
2.128816043753945e-29
1.0957589365942286e-29
5.623605583172881e-30
2.8775484409827914e-30
1.4679899276140268e-30
7.46621508686731e-31
3.78563643686906e-31
1.9134711920394845e-31
9.641238612504385e-32
4.842331127321544e-32
2.4242050685419043e-32
1.209649351180431e-32
6.0159820295909884e-33
2.9818900640516025e-33
1.4729754116220892e-33
7.25100764616749e-34
3.5569679233179848e-34
1.7386791898643273e-34
8.46828654414004e-35
4.1094746983599365e-35
1.9868691296052789e-35
9.570206192852115e-36
4.592177513137028e-36
2.195012376170113e-36
1.0450837871003883e-36
4.956045124801097e-37
2.340791937919836e-37
1.1010484131349898e-37
5.157483542204328e-38
2.4056256272060597e-38
1.1172413443192268e-38
5.166111510852898e-39
2.3781893184731255e-39
1.0898379757404525e-39
4.971371274159182e-40
2.2571162295909586e-40
1.0199023541355052e-40
4.5861936909371107e-41
2.052088691537147e-41
9.135854081558324e-42
4.046404488013926e-42
1.782841502035543e-42
7.813289941772872e-43
3.4055364653009407e-43
1.4761081853140789e-43
6.361807007548139e-44
2.725955783922142e-44
1.16112007167396e-44
4.9158307118110925e-45
2.068316005179189e-45
8.647147283129254e-46
3.591678552754385e-46
1.4819036407772524e-46
6.072478078726579e-47
2.470910698200787e-47
9.981838812688525e-48
4.002571324988736e-48
1.5927592323720563e-48
6.2884789581513804e-49
2.4627554611237985e-49
9.564586151880663e-50
3.682661929717738e-50
1.405340631561888e-50
5.3136085843592574e-51
1.9899382421498294e-51
7.378602270622943e-52
2.7078369300008872e-52
9.831043085172879e-53
3.5294211381733727e-53
1.25231378785513e-53
4.3892027189423416e-54
1.5186314238900056e-54
5.183403330092658e-55
1.7439736412018216e-55
5.778986043163199e-56
1.884188502409655e-56
6.037691735400708e-57
1.8990170372311742e-57
5.853845934342294e-58
1.765353125697201e-58
5.1971839904205385e-59
1.4897522171714448e-59
4.144332007065799e-60
1.1142588143553911e-60
2.8796688623819354e-61
7.100801472503335e-62
1.6531299704502832e-62
3.5764124183570124e-63
7.006207329565407e-64
1.1853854969144736e-64
1.561789653769333e-65
1.1649954945238806e-66
6.892486704192704e-70
7.156764892615193e-68
7.831005117138405e-68
4.484172612811668e-68
1.924004089465601e-68
6.855391609239659e-69
2.1039722907648931e-69
5.599686621395413e-70
1.2707478415754025e-70
2.333737417345177e-71
3.008833030332644e-72
1.53692290201548e-73
9.909225550939492e-75
4.73114184013034e-74
3.83567439588335e-74
1.9220698946648188e-74
7.329801323286746e-75
2.255185694066021e-75
5.595352328916737e-76
1.056189702251197e-76
1.242343738425222e-77
2.891818021763847e-79
2.722474013424214e-79
5.079735433110483e-79
3.422788979805075e-79
1.5316147761287943e-79
5.173795231868495e-80
1.3385887874662369e-80
2.46377512505323e-81
2.3727950509930133e-82
1.0592391048161083e-85
2.1471923705752122e-83
2.516111254816361e-83
1.450610528952524e-83
5.755971313253449e-84
1.6764374470121003e-84
3.397067430496183e-85
3.5942292759592225e-86
4.8036681446527556e-89
3.197100341447478e-87
3.9577402536527076e-87
2.322547757117651e-87
9.116394690554057e-88
2.516745011768276e-88
4.389226830558245e-89
2.6247366864614884e-90
3.243519464524773e-91
1.4060142519840669e-90
1.171479317623556e-90
5.653103535700061e-91
1.8444146342698372e-91
3.873115954340219e-92
3.5020027245641782e-93
4.7774347266286493e-95
8.485488548374478e-94
8.588163587283494e-94
4.5545503609901143e-94
1.5716935565212772e-94
3.38142590365445e-95
2.8914004796993194e-96
9.937841661369893e-98
9.802156479629142e-97
9.464944327275628e-97
4.860858417262693e-97
1.5864448553861415e-97
2.977998783049754e-98
1.3809694086138585e-99
6.711850901464651e-100
1.8812682751587732e-99
1.4550081877799954e-99
6.463230511494171e-100
1.757877991192882e-100
2.198767653409477e-101
4.043450951686619e-105
3.847433557116694e-102
4.745872665679684e-102
2.7329840748811974e-102
9.447080088196192e-103
1.7422741736688202e-103
4.9405731777860306e-105
8.776121556067106e-105
1.8355872758860012e-104
1.3112758566611557e-104
5.3439705167842185e-105
1.2080196314925895e-105
7.291771348170673e-107
2.600134683938756e-107
9.012713149138645e-107
7.513975449416754e-107
3.391250086283441e-107
8.47705942465436e-108
6.399831332954965e-109
1.2855202876961764e-109
5.87714624572692e-109
5.2722185582271735e-109
2.478823730403657e-109
6.318256389737229e-110
4.55392564965346e-111
1.2428351238333893e-111
5.133496612068169e-111
4.5380903989376805e-111
2.0915346262519078e-111
5.0170894702164165e-112
2.5440680712042647e-113
2.026824387705334e-113
5.832993070327037e-113
4.708661650969165e-113
2.0028512086989135e-113
4.101465690821192e-114
6.842202497595197e-116
4.336159920775911e-115
8.190607728229017e-115
5.705400297499374e-115
2.1010034325504664e-115
3.148446623286289e-116
1.6315879488546447e-118
1.0478188345406083e-116
1.344519810099786e-116
7.73889756907655e-117
2.2719148220384464e-117
1.7417963925301992e-118
6.533029305366685e-119
2.6845262172251378e-118
2.448985218583979e-118
1.112404629972325e-118
2.253246411115928e-119
1.0837047481335689e-121
4.2021671595175884e-120
7.074477944977626e-120
4.698397635599741e-120
1.5609293842141782e-120
1.4872599919941896e-121
3.531340406049111e-122
1.8859521317061429e-121
1.8677558825418304e-121
8.897095865640511e-122
1.8119852490563455e-122
2.363833993213008e-125
4.478135699362092e-123
7.273579694045681e-123
4.749595032110441e-123
1.4872008344096616e-123
9.713836617195115e-125
8.28870791939676e-125
2.8261863218490447e-124
2.5186754341190483e-124
1.0780778499565133e-124
1.6336504639023354e-125
6.61362884698611e-127
1.1002479909307361e-125
1.3711824549117357e-125
7.606025629078826e-126
1.805877976963938e-126
1.0327301310976571e-128
4.249480703259074e-127
7.827056824974422e-127
5.4792109681030115e-127
1.7628236537020913e-127
9.38788471489804e-129
1.578365803071254e-128
4.756103907474062e-128
4.146150219621122e-128
1.6813157546490057e-128
1.883991301864434e-129
5.214354865955832e-130
3.1137141720314676e-129
3.358441867265683e-129
1.644171168153096e-129
2.7877215186684388e-130
1.2131174554099395e-131
2.2197383307436284e-130
2.952062922823361e-130
1.6942543170703801e-130
3.778298635648995e-131
4.241840326821477e-134
1.74113351216245e-131
2.845367710477146e-131
1.8716294498817678e-131
5.0846441785269215e-132
3.037703346820564e-134
1.519174366461197e-132
3.0320657002150086e-132
2.2422013539020677e-132
7.065843244425689e-133
1.6428636240350234e-134
1.4919631296218321e-133
3.595256994029126e-133
2.936234705577426e-133
1.0363764705922875e-133
4.3530389387928294e-135
1.670032204961824e-134
4.767029096354912e-134
4.2261283627687577e-134
1.62576256968804e-134
9.45934910049505e-136
2.1569994375183366e-135
7.092377290796294e-135
6.709792682968418e-135
2.750158014148334e-135
1.9290359560329104e-136
3.248135694136399e-136
1.1864292431614215e-135
1.177741156337279e-135
5.042314495433243e-136
3.8921311506014333e-137
5.739207593363491e-137
2.2329850285021133e-136
2.2878678610524064e-136
1.0049739587404664e-136
7.949087873760474e-138
1.1909642337606812e-137
4.7258042843872175e-137
4.919518250701514e-137
2.180406224719636e-137
1.6554915102915546e-138
2.8887956548636604e-138
1.122830367588088e-137
1.1702583872478176e-137
5.150653965715919e-138
3.501303165743603e-139
8.116322573309325e-139
2.9878794983807696e-138
3.076266533503587e-138
1.3236935151249405e-138
7.391974117717241e-140
2.6116223902764987e-139
8.878935241026981e-139
8.922467958386848e-139
3.694809924951882e-139
1.49760331607209e-140
9.514163991832112e-140
2.9371921511110387e-139
2.850183086601369e-139
1.1173412852026154e-139
2.654230530524992e-141
3.8838004905847134e-140
1.0781544254865108e-139
1.0007095124742219e-139
3.6481399232710016e-140
3.095661232935161e-142
1.7614770938413864e-140
4.377822822661803e-140
3.853488157108845e-140
1.280111666822068e-140
1.620627106686654e-144
8.817899884693258e-141
1.9606927895925135e-140
1.6238077564426294e-140
4.79752911889553e-141
4.321097439933839e-143
4.8483043038135583e-141
9.660529633620432e-141
7.47035385982193e-141
1.9038291866068325e-141
1.0690839037511731e-142
2.917540775892595e-141
5.2243168172546874e-141
3.7430721398144257e-141
7.899215258275558e-142
1.4844851695844877e-142
1.9167905689502333e-141
3.094741900806305e-141
2.0374953674096447e-141
3.3592567462255455e-142
1.7405957861559763e-142
1.3725892456060038e-141
2.004663406823115e-141
1.201608700142022e-141
1.4144832534139136e-142
1.9424310020532378e-142
1.0701736874695816e-141
1.4179292254104496e-141
7.654387126007014e-142
5.501587973660799e-143
2.172870774637254e-142
9.079330805970833e-142
1.093822983762333e-141
5.248220240531785e-142
1.653104469148787e-143
2.503897428893794e-142
8.379767948006715e-142
9.193988704956147e-142
3.856684842740194e-142
1.67817208324012e-144
3.0209818318805667e-142
8.414083702867899e-142
8.414083702867899e-142
3.0209818318805667e-142
1.67817208324012e-144
3.856684842740194e-142
9.193988704956147e-142
8.379767948006715e-142
2.503897428893794e-142
1.653104469148787e-143
5.248220240531785e-142
1.093822983762333e-141
9.079330805970833e-142
2.172870774637254e-142
5.501587973660799e-143
7.654387126007014e-142
1.4179292254104496e-141
1.0701736874695816e-141
1.9424310020532378e-142
1.4144832534139136e-142
1.201608700142022e-141
2.004663406823115e-141
1.3725892456060038e-141
1.7405957861559763e-142
3.3592567462255455e-142
2.0374953674096447e-141
3.094741900806305e-141
1.9167905689502333e-141
1.4844851695844877e-142
7.899215258275558e-142
3.7430721398144257e-141
5.2243168172546874e-141
2.917540775892595e-141
1.0690839037511731e-142
1.9038291866068325e-141
7.47035385982193e-141
9.660529633620432e-141
4.8483043038135583e-141
4.321097439933839e-143
4.79752911889553e-141
1.6238077564426294e-140
1.9606927895925135e-140
8.817899884693258e-141
1.620627106686654e-144
1.280111666822068e-140
3.853488157108845e-140
4.377822822661803e-140
1.7614770938413864e-140
3.095661232935161e-142
3.6481399232710016e-140
1.0007095124742219e-139
1.0781544254865108e-139
3.8838004905847134e-140
2.654230530524992e-141
1.1173412852026154e-139
2.850183086601369e-139
2.9371921511110387e-139
9.514163991832112e-140
1.49760331607209e-140
3.694809924951882e-139
8.922467958386848e-139
8.878935241026981e-139
2.6116223902764987e-139
7.391974117717241e-140
1.3236935151249405e-138
3.076266533503587e-138
2.9878794983807696e-138
8.116322573309325e-139
3.501303165743603e-139
5.150653965715919e-138
1.1702583872478176e-137
1.122830367588088e-137
2.8887956548636604e-138
1.6554915102915546e-138
2.180406224719636e-137
4.919518250701514e-137
4.7258042843872175e-137
1.1909642337606812e-137
7.949087873760474e-138
1.0049739587404664e-136
2.2878678610524064e-136
2.2329850285021133e-136
5.739207593363491e-137
3.8921311506014333e-137
5.042314495433243e-136
1.177741156337279e-135
1.1864292431614215e-135
3.248135694136399e-136
1.9290359560329104e-136
2.750158014148334e-135
6.709792682968418e-135
7.092377290796294e-135
2.1569994375183366e-135
9.45934910049505e-136
1.62576256968804e-134
4.2261283627687577e-134
4.767029096354912e-134
1.670032204961824e-134
4.3530389387928294e-135
1.0363764705922875e-133
2.936234705577426e-133
3.595256994029126e-133
1.4919631296218321e-133
1.6428636240350234e-134
7.065843244425689e-133
2.2422013539020677e-132
3.0320657002150086e-132
1.519174366461197e-132
3.037703346820564e-134
5.0846441785269215e-132
1.8716294498817678e-131
2.845367710477146e-131
1.74113351216245e-131
4.241840326821477e-134
3.778298635648995e-131
1.6942543170703801e-130
2.952062922823361e-130
2.2197383307436284e-130
1.2131174554099395e-131
2.7877215186684388e-130
1.644171168153096e-129
3.358441867265683e-129
3.1137141720314676e-129
5.214354865955832e-130
1.883991301864434e-129
1.6813157546490057e-128
4.146150219621122e-128
4.756103907474062e-128
1.578365803071254e-128
9.38788471489804e-129
1.7628236537020913e-127
5.4792109681030115e-127
7.827056824974422e-127
4.249480703259074e-127
1.0327301310976571e-128
1.805877976963938e-126
7.606025629078826e-126
1.3711824549117357e-125
1.1002479909307361e-125
6.61362884698611e-127
1.6336504639023354e-125
1.0780778499565133e-124
2.5186754341190483e-124
2.8261863218490447e-124
8.28870791939676e-125
9.713836617195115e-125
1.4872008344096616e-123
4.749595032110441e-123
7.273579694045681e-123
4.478135699362092e-123
2.363833993213008e-125
1.8119852490563455e-122
8.897095865640511e-122
1.8677558825418304e-121
1.8859521317061429e-121
3.531340406049111e-122
1.4872599919941896e-121
1.5609293842141782e-120
4.698397635599741e-120
7.074477944977626e-120
4.2021671595175884e-120
1.0837047481335689e-121
2.253246411115928e-119
1.112404629972325e-118
2.448985218583979e-118
2.6845262172251378e-118
6.533029305366685e-119
1.7417963925301992e-118
2.2719148220384464e-117
7.73889756907655e-117
1.344519810099786e-116
1.0478188345406083e-116
1.6315879488546447e-118
3.148446623286289e-116
2.1010034325504664e-115
5.705400297499374e-115
8.190607728229017e-115
4.336159920775911e-115
6.842202497595197e-116
4.101465690821192e-114
2.0028512086989135e-113
4.708661650969165e-113
5.832993070327037e-113
2.026824387705334e-113
2.5440680712042647e-113
5.0170894702164165e-112
2.0915346262519078e-111
4.5380903989376805e-111
5.133496612068169e-111
1.2428351238333893e-111
4.55392564965346e-111
6.318256389737229e-110
2.478823730403657e-109
5.2722185582271735e-109
5.87714624572692e-109
1.2855202876961764e-109
6.399831332954965e-109
8.47705942465436e-108
3.391250086283441e-107
7.513975449416754e-107
9.012713149138645e-107
2.600134683938756e-107
7.291771348170673e-107
1.2080196314925895e-105
5.3439705167842185e-105
1.3112758566611557e-104
1.8355872758860012e-104
8.776121556067106e-105
4.9405731777860306e-105
1.7422741736688202e-103
9.447080088196192e-103
2.7329840748811974e-102
4.745872665679684e-102
3.847433557116694e-102
4.043450951686619e-105
2.198767653409477e-101
1.757877991192882e-100
6.463230511494171e-100
1.4550081877799954e-99
1.8812682751587732e-99
6.711850901464651e-100
1.3809694086138585e-99
2.977998783049754e-98
1.5864448553861415e-97
4.860858417262693e-97
9.464944327275628e-97
9.802156479629142e-97
9.937841661369893e-98
2.8914004796993194e-96
3.38142590365445e-95
1.5716935565212772e-94
4.5545503609901143e-94
8.588163587283494e-94
8.485488548374478e-94
4.7774347266286493e-95
3.5020027245641782e-93
3.873115954340219e-92
1.8444146342698372e-91
5.653103535700061e-91
1.171479317623556e-90
1.4060142519840669e-90
3.243519464524773e-91
2.6247366864614884e-90
4.389226830558245e-89
2.516745011768276e-88
9.116394690554057e-88
2.322547757117651e-87
3.9577402536527076e-87
3.197100341447478e-87
4.8036681446527556e-89
3.5942292759592225e-86
3.397067430496183e-85
1.6764374470121003e-84
5.755971313253449e-84
1.450610528952524e-83
2.516111254816361e-83
2.1471923705752122e-83
1.0592391048161083e-85
2.3727950509930133e-82
2.46377512505323e-81
1.3385887874662369e-80
5.173795231868495e-80
1.5316147761287943e-79
3.422788979805075e-79
5.079735433110483e-79
2.722474013424214e-79
2.891818021763847e-79
1.242343738425222e-77
1.056189702251197e-76
5.595352328916737e-76
2.255185694066021e-75
7.329801323286746e-75
1.9220698946648188e-74
3.83567439588335e-74
4.73114184013034e-74
9.909225550939492e-75
1.53692290201548e-73
3.008833030332644e-72
2.333737417345177e-71
1.2707478415754025e-70
5.599686621395413e-70
2.1039722907648931e-69
6.855391609239659e-69
1.924004089465601e-68
4.484172612811668e-68
7.831005117138405e-68
7.156764892615193e-68
6.892486704192704e-70
1.1649954945238806e-66
1.561789653769333e-65
1.1853854969144736e-64
7.006207329565407e-64
3.5764124183570124e-63
1.6531299704502832e-62
7.100801472503335e-62
2.8796688623819354e-61
1.1142588143553911e-60
4.144332007065799e-60
1.4897522171714448e-59
5.1971839904205385e-59
1.765353125697201e-58
5.853845934342294e-58
1.8990170372311742e-57
6.037691735400708e-57
1.884188502409655e-56
5.778986043163199e-56
1.7439736412018216e-55
5.183403330092658e-55
1.5186314238900056e-54
4.3892027189423416e-54
1.25231378785513e-53
3.5294211381733727e-53
9.831043085172879e-53
2.7078369300008872e-52
7.378602270622943e-52
1.9899382421498294e-51
5.3136085843592574e-51
1.405340631561888e-50
3.682661929717738e-50
9.564586151880663e-50
2.4627554611237985e-49
6.2884789581513804e-49
1.5927592323720563e-48
4.002571324988736e-48
9.981838812688525e-48
2.470910698200787e-47
6.072478078726579e-47
1.4819036407772524e-46
3.591678552754385e-46
8.647147283129254e-46
2.068316005179189e-45
4.9158307118110925e-45
1.16112007167396e-44
2.725955783922142e-44
6.361807007548139e-44
1.4761081853140789e-43
3.4055364653009407e-43
7.813289941772872e-43
1.782841502035543e-42
4.046404488013926e-42
9.135854081558324e-42
2.052088691537147e-41
4.5861936909371107e-41
1.0199023541355052e-40
2.2571162295909586e-40
4.971371274159182e-40
1.0898379757404525e-39
2.3781893184731255e-39
5.166111510852898e-39
1.1172413443192268e-38
2.4056256272060597e-38
5.157483542204328e-38
1.1010484131349898e-37
2.340791937919836e-37
4.956045124801097e-37
1.0450837871003883e-36
2.195012376170113e-36
4.592177513137028e-36
9.570206192852115e-36
1.9868691296052789e-35
4.1094746983599365e-35
8.46828654414004e-35
1.7386791898643273e-34
3.5569679233179848e-34
7.25100764616749e-34
1.4729754116220892e-33
2.9818900640516025e-33
6.0159820295909884e-33
1.209649351180431e-32
2.4242050685419043e-32
4.842331127321544e-32
9.641238612504385e-32
1.9134711920394845e-31
3.78563643686906e-31
7.46621508686731e-31
1.4679899276140268e-30
2.8775484409827914e-30
5.623605583172881e-30
1.0957589365942286e-29
2.128816043753945e-29
4.1238120579665275e-29
7.965473073694276e-29
1.534229504995298e-28
2.9467881360837983e-28
5.644179541706771e-28
1.0781005862381853e-27
2.0537012395672305e-27
3.901642572771447e-27
7.392688306250794e-27
1.3970573453146592e-26
2.633267539976751e-26
4.950583833351891e-26
9.283464472778654e-26
1.7364700581466503e-25
3.23995666862451e-25
6.030269340685275e-25
1.11961974701672e-24
2.0737254345143986e-24
3.8316794746679916e-24
7.063085622200784e-24
1.298904256258874e-23
2.3831259597779928e-23
4.3622815728434606e-23
7.966851436499594e-23
1.4516950565134536e-22
2.639300898362445e-22
4.787802900194035e-22
8.66615287270331e-22
1.5651929491320211e-21
2.8207816141678826e-21
5.07270424860748e-21
9.103039695864112e-21
1.6301153391922563e-20
2.9130188532323733e-20
5.194805073971203e-20
9.244938568720267e-20
1.6419325439749622e-19
2.9102525464575073e-19
5.147988821344392e-19
9.088315935162345e-19
1.6013098848787286e-18
2.815922118732372e-18
4.9422671109098845e-18
8.657630374840594e-18
1.513721402607084e-17
2.6416403050817425e-17
4.601388175529132e-17
8.000148843104683e-17
1.3883779953382914e-16
2.405050506976222e-16
4.1586635147876725e-16
7.177986813056823e-16
1.23673579216681e-15
2.1270741393897014e-15
3.651957314760312e-15
6.259101429568614e-15
1.0708960185824833e-14
1.8290995646391188e-14
3.118801626557938e-14
5.308894353067835e-14
9.021771624402753e-14
1.5305813261516836e-13
2.5924069485515163e-13
4.383665535229504e-13
7.400555646709548e-13
1.2473521501700025e-12
2.099020845120572e-12
3.526568843270995e-12
5.915628403253559e-12
9.907571375499978e-12
1.6567469503412182e-11
2.7661299440815022e-11
4.611276128277751e-11
7.675496905395755e-11
1.2756552076338364e-10
2.1169280776450242e-10
3.507756158943376e-10
5.803735824710938e-10
9.588379688958072e-10
1.5817815540639698e-9
2.6056482343634035e-9
4.2860507378922024e-9
7.040042425247581e-9
1.1547124383438338e-8
1.8912856072297252e-8
3.093350686401071e-8
5.0523564166775926e-8
8.240537790039975e-8
1.3422017802783824e-7
2.1831552948087238e-7
3.5461724699872813e-7
5.752376233831874e-7
9.318600133922509e-7
1.507557033114631e-6
2.4356797532594423e-6
3.930009681036607e-6
6.332827437574692e-6
0.00001019144700334151
0.00001637991841110998
0.000026292312997624274
0.0000421493111197829
0.00006748390607837867
0.00010790991954898074
0.00017233651116876266
0.0002748851687741617
0.00043791183494112907
0.0006967655413555753
0.0011072723799732875
0.0017574916510382042
0.002786161099384384
0.004411603225639044
0.0069769726626555915
0.01102100013862137
0.017388472452603866
0.027402569611152904
0.04313338578502583
0.0678158408562448
0.10649936156370857
0.16705673631712872
0.26174896397278274
0.4096498204980545
0.640398324104879