1.
0.9216797459896687
0.8493491995213677
0.7825613583320079
0.7209017503257817
0.6639861267273708
0.6114583145193246
0.5629882174633583
0.5182699557040438
0.47702013460779
0.43897623410283
0.4038951103597509
0.37155160218929806
0.34173723503703957
0.3142590159251195
0.2889383131317587
0.2656098148112582
0.2441205611428026
0.2243290449569926
0.20610437612633606
0.18932550532134618
0.17388050302881877
0.15966589000457926
0.1465860155907126
0.1345524805681633
0.12348360144067884
0.11330391325637842
0.10394370826969673
0.0953386079299669
0.08742916585429379
0.08016049960240684
0.07348194922060125
0.06734676066135867
0.061711792315426305
0.056537243014628195
0.051786399977044886
0.04742540527195935
0.04342303948061953
0.03975052132087639
0.0363813220895547
0.03329099385640834
0.030457010418084365
0.02785862009002597
0.025476709479018783
0.02329367743943966
0.021293318472495014
0.019460714880110436
0.01778213703391138
0.01624495116515545
0.014837534123764397
0.013549194593968698
0.012370100290714439
0.011291210695075935
0.010304214918638078
0.00940147431632119
0.008575969494566963
0.007821251387327432
0.0071313960960302
0.006500963211754444
0.0059249573583577495
0.005398792714349843
0.004918260289015312
0.004479497744736266
0.004078961572744106
0.003713401443718062
0.0033798365678223458
0.0030755339110039243
0.0027979881257248003
0.0025449030648374174
0.0023141747570864925
0.0021038757317884092
0.0019122405886499245
0.0017376527164874966
0.0015786320718402015
0.0014338239351730135
0.0013019885685806244
0.0011819917046597432
0.0010727958015524027
0.0009734520041043566
0.0008830927556592972
0.0008009250092475037
0.0007262239908509715
0.0006583274710587241
0.0005966305047869127
0.0005405806018480739
0.00048967329403073
0.00044344806701132947
0.00040148462788106785
0.00036339948134502724
0.00032884278975392646
0.0002974954940721988
0.00026906667468184657
0.00024329113258045348
0.0002199271730639743
0.00019875457539986343
0.00017957273330245673
0.000162198952228377
0.00014646689062258964
0.0001322251332725564
0.00011933588587517417
0.00010767378079482739
0.0000971247847964767
0.00008758520028039774
0.00007896075222973571
0.00007116575371287342
0.00006412234336381204
0.00005775978879912431
0.000052013850423068525
0.00004682620052639673
0.000042143893002257996
0.00003791887938717059
0.000034107567288890265
0.0000306704175885155
0.000027571577103548872
0.000024778543673911537
0.00002226186088596945
0.000019994839882213692
0.000017953305917953003
0.000016115367522708387
0.000014461206304320526
0.000012972885599357515
0.00001163417632541321
0.000010430398530395124
9.348277261911988e-6
8.375811497304484e-6
7.502154982566335e-6
6.717507927159419e-6
6.013018592257128e-6
5.380693892919674e-6
4.813318210726536e-6
4.304379683029156e-6
3.848003298761794e-6
3.4388901891389732e-6
3.072262555015592e-6
2.7438137215964412e-6
2.449662855929406e-6
2.1863139235449682e-6
1.9506184980300116e-6
1.7397420715374948e-6
1.5511335455026159e-6
1.38249760940678e-6
1.231769741528831e-6
1.0970935894563862e-6
9.76800509889418e-7
8.693910671286544e-7
7.735183077637193e-7
6.879726456078665e-7
6.116682060031059e-7
5.436304923657794e-7
4.829852503721942e-7
4.2894841660129107e-7
3.8081704885231497e-7
3.3796114482789404e-7
2.9981626449727123e-7
2.6587687930435916e-7
2.3569037852830563e-7
2.0885166960214258e-7
1.849983151043953e-7
1.638061545109997e-7
1.449853636778425e-7
1.2827690946099384e-7
1.1344936091181507e-7
1.002960221437738e-7
8.863235529003278e-8
7.829366498589426e-8
6.913301854555068e-8
6.101937848348981e-8
5.383592628030589e-8
4.747855833154182e-8
4.185453686565773e-8
3.688128029072627e-8
3.248527894489533e-8
2.8601123597525002e-8
2.517063528939926e-8
2.2142086223559932e-8
1.946950243406082e-8
1.7112039878260634e-8
1.5033426428235608e-8
1.3201462986747909e-8
1.1587577630458604e-8
1.0166427294547603e-8
8.915542064797914e-9
7.815007641152982e-9
6.847181985880913e-9
5.996442574425385e-9
5.248961032007853e-9
4.592502267897047e-9
4.0162455154518545e-9
3.5106249527210114e-9
3.0671878184020573e-9
2.6784681539092423e-9
2.337874496518899e-9
2.0395900231732547e-9
1.7784838014509375e-9
1.5500319451931313e-9
1.3502475988813135e-9
1.175618788518284e-9
1.0230532787546658e-9
8.898296674903832e-10
7.735540312147392e-10
6.721215078776605e-10
5.836822699644593e-10
5.066113994494086e-10
4.39482229126347e-10
3.8104276208572346e-10
3.301948233933295e-10
2.859756358368001e-10
2.475415454014803e-10
2.1415365233134882e-10
1.8516513059589526e-10
1.600100426553274e-10
1.3819347789566597e-10
1.1928286226315152e-10
1.0290030370745438e-10
8.871585326418866e-11
7.644157516560033e-11
6.582633144031425e-11
5.6651197206859356e-11
4.872543242318122e-11
4.188294435266262e-11
3.597918256023765e-11
3.088841496206475e-11
2.6501339410285277e-11
2.2722990582408164e-11
1.9470906635973453e-11
1.6673524248759804e-11
1.426877435136838e-11
1.220285412475716e-11
1.0429153726845781e-11
8.907318771281505e-12
7.602431844982692e-12
6.48429835226801e-12
5.5268237417506564e-12
4.7074707340198055e-12
4.0067865468602984e-12
3.407991331215971e-12
2.896620103821955e-12
2.4602114079026466e-12
2.0880367662072504e-12
1.7708657239500682e-12
1.500761924495218e-12
1.2709062281317895e-12
1.0754433831230609e-12
9.093491964480045e-13
7.683155364317418e-13
6.48650837113485e-13
5.471940703287075e-13
4.612404110437091e-13
3.8847704885848676e-13
3.269277976615459e-13
2.7490532959951575e-13
2.30970011835699e-13
1.9389445768007082e-13
1.6263301992884325e-13
1.3629555572575194e-13
1.1412488077407157e-13
9.547740789405476e-14
7.980653214801069e-14
6.664838328703215e-14
5.5609617201258734e-14
4.6356962338415676e-14
3.860827553482532e-14
3.212489511741322e-14
2.6705108131619947e-14
2.217857369558884e-14
1.8401566271969735e-14
1.5252921519543933e-14
1.2630583717473744e-14
1.044866787724029e-14
8.634961861127258e-15
7.128804364412078e-15
5.8792837118694225e-15
4.843710260063393e-15
3.986321952679099e-15
3.277188392582955e-15
2.6912837981793622e-15
2.207703513134196e-15
1.8090024333594115e-15
1.4806368863522207e-15
1.2104942175857994e-15
9.884966690780423e-16
8.062681305759395e-16
6.568540507609629e-16
5.344862549501418e-16
4.34385661882329e-16
3.525969555074626e-16
2.858501742625041e-16
2.3144495255275297e-16
1.8715380638072246e-16
1.5114141390205126e-16
1.2189731643417721e-16
9.817986838002972e-17
7.896960619802448e-17
6.343049599281839e-17
5.087776426652839e-17
4.0751223490927834e-17
3.259317911180217e-17
2.6030152226599097e-17
2.0757776626433562e-17
1.6528333695667114e-17
1.3140476827088936e-17
1.0430771101415746e-17
8.266736176778158e-18
6.541132489975394e-18
5.1672745596169376e-18
4.075191735970692e-18
3.2084872937680576e-18
2.5217722691060686e-18
1.9785717088562037e-18
1.5496187138641654e-18
1.2114663921473388e-18
9.453600810871362e-19
7.363223572651466e-19
5.724117730349178e-19
4.441232290440113e-19
3.439036541001375e-19
2.657614211255525e-19
2.0495185047654853e-19
1.5772438175067162e-19
1.2111965104059994e-19
9.280689139110476e-20
7.095386240631449e-20
5.4122979107735954e-20
4.118850722228462e-20
3.1270669342784303e-20
2.3683303005973256e-20
1.7892360071265726e-20
1.3483063624249826e-20
1.0133966056508702e-20
7.596498182547267e-21
5.678879213541717e-21
4.23348341169546e-21
3.1469413827215494e-21
2.332400485803266e-21
1.7234865026395183e-21
1.2696030218973378e-21
9.32280454777734e-22
6.823468564165103e-22
4.977407551961514e-22
3.6182439486378833e-22
2.6208612095958123e-22
1.891446675895619e-22
1.3598709248845432e-22
9.738708944796055e-23
6.946219847050952e-23
4.933769368843556e-23
3.489218389571303e-23
2.4565631107048037e-23
1.7214914089837725e-23
1.2005502858580736e-23
8.330478172562413e-24
5.7501945685291106e-24
3.947478636331056e-24
2.694480314557847e-24
1.8282358602282586e-24
1.2327210637791544e-24
8.25722476103852e-25
5.492720785542524e-25
3.6270744958266377e-25
2.3765871864878725e-25
1.5444375021049625e-25
9.948818521227538e-26
6.348804145893147e-26
4.0107861392630967e-26
2.506325728205857e-26
1.5477984975565377e-26
9.436056188052986e-27
5.6716578756306204e-27
3.355882304463028e-27
1.9510571117021886e-27
1.111978199998564e-27
6.194664602521102e-28
3.3604228972494465e-28
1.766197292368012e-28
8.931758937642701e-29
4.3026200922415306e-29
1.9443169063101287e-29
8.03563780850876e-30
2.897901016369802e-30
8.217264179266959e-31
1.322655293517722e-31
7.067050991492379e-35
4.42003014138792e-32
1.0984376056259524e-31
1.4820276160713487e-31
1.5465681934291606e-31
1.3902781258094338e-31
1.1274953989150229e-31
8.44023708164827e-32
5.900602908866851e-32
3.872076970718422e-32
2.385532157992091e-32
1.373651193808295e-32
7.316703868706899e-33
3.534500894023721e-33
1.4907525954177765e-33
5.0556497651244836e-34
1.092039397380502e-34
3.4353750144308185e-36
1.5514614121586536e-35
5.643859099576065e-35
8.813899469456004e-35
1.0027713448526435e-34
9.532669478311239e-35
7.993819817240981e-35
6.059777948602403e-35
4.1938248765178237e-35
2.6499173364573684e-35
1.5140785348167273e-35
7.641231110556576e-36
3.23736227456932e-36
1.0167052017769097e-36
1.5152770523093163e-37
4.888814196041885e-39
1.5011434687305247e-37
3.419728009041568e-37
4.684773736043694e-37
5.018313475297393e-37
4.581716430419076e-37
3.693976711704066e-37
2.6648430419943135e-37
1.7179009074926611e-37
9.736693975589926e-38
4.658202959781651e-38
1.7031025585009434e-38
3.45499202708558e-39
3.246100261292537e-42
1.6411430004507058e-39
4.780429559771063e-39
7.340678037779055e-39
8.477143048087882e-39
8.176194141735395e-39
6.859068692723542e-39
5.072017507067927e-39
3.2895655693740054e-39
1.8229209391811454e-39
8.072840504238141e-40
2.365925033380978e-40
1.7615584736182114e-41
2.302517076943582e-41
1.3178077665259308e-40
2.5271893978024402e-40
3.325787113623813e-40
3.5263167600380254e-40
3.1897397255013752e-40
2.5100121724853713e-40
1.712883934817735e-40
9.859628648682247e-41
4.441225348220786e-41
1.251136158790909e-41
5.443619757308929e-43
2.5635926092672895e-42
1.1571029882288047e-41
2.1484392411420402e-41
2.8254040409385833e-41
3.0145476875339654e-41
2.738772550109382e-41
2.1468727301848206e-41
1.435150026192883e-41
7.818682924551443e-42
3.0608080480090196e-42
5.332644384822788e-43
3.756567328803383e-44
9.432711362532507e-43
2.4576965130190062e-42
3.8649858519158024e-42
4.6844958319706774e-42
4.73071121147794e-42
4.084856322720338e-42
3.006855615560912e-42
1.8235550323509135e-42
8.262645561045074e-43
2.007831040109515e-43
8.976355428435573e-48
1.5671449680923767e-43
5.248209406002373e-43
9.329711486839958e-43
1.234434388746342e-42
1.3413779982033993e-42
1.2376437726342127e-42
9.705565761876248e-43
6.274211436104322e-43
3.0524528558446576e-43
8.256000293895742e-44
3.2023085852974235e-46
5.555369372089778e-44
2.076808207291587e-43
3.942127405731111e-43
5.505502554832427e-43
6.281786260685036e-43
6.066003402870856e-43
4.964517600667675e-43
3.3378586720755792e-43
1.678084350332786e-43
4.588195983553165e-44
4.686259096026868e-47
3.8626036411883653e-44
1.4492179941744865e-43
2.830249236221735e-43
4.0885556934436286e-43
4.8322082020835135e-43
4.8322082020835135e-43
4.0885556934436286e-43
2.830249236221735e-43
1.4492179941744865e-43
3.8626036411883653e-44
4.686259096026868e-47
4.588195983553165e-44
1.678084350332786e-43
3.3378586720755792e-43
4.964517600667675e-43
6.066003402870856e-43
6.281786260685036e-43
5.505502554832427e-43
3.942127405731111e-43
2.076808207291587e-43
5.555369372089778e-44
3.2023085852974235e-46
8.256000293895742e-44
3.0524528558446576e-43
6.274211436104322e-43
9.705565761876248e-43
1.2376437726342127e-42
1.3413779982033993e-42
1.234434388746342e-42
9.329711486839958e-43
5.248209406002373e-43
1.5671449680923767e-43
8.976355428435573e-48
2.007831040109515e-43
8.262645561045074e-43
1.8235550323509135e-42
3.006855615560912e-42
4.084856322720338e-42
4.73071121147794e-42
4.6844958319706774e-42
3.8649858519158024e-42
2.4576965130190062e-42
9.432711362532507e-43
3.756567328803383e-44
5.332644384822788e-43
3.0608080480090196e-42
7.818682924551443e-42
1.435150026192883e-41
2.1468727301848206e-41
2.738772550109382e-41
3.0145476875339654e-41
2.8254040409385833e-41
2.1484392411420402e-41
1.1571029882288047e-41
2.5635926092672895e-42
5.443619757308929e-43
1.251136158790909e-41
4.441225348220786e-41
9.859628648682247e-41
1.712883934817735e-40
2.5100121724853713e-40
3.1897397255013752e-40
3.5263167600380254e-40
3.325787113623813e-40
2.5271893978024402e-40
1.3178077665259308e-40
2.302517076943582e-41
1.7615584736182114e-41
2.365925033380978e-40
8.072840504238141e-40
1.8229209391811454e-39
3.2895655693740054e-39
5.072017507067927e-39
6.859068692723542e-39
8.176194141735395e-39
8.477143048087882e-39
7.340678037779055e-39
4.780429559771063e-39
1.6411430004507058e-39
3.246100261292537e-42
3.45499202708558e-39
1.7031025585009434e-38
4.658202959781651e-38
9.736693975589926e-38
1.7179009074926611e-37
2.6648430419943135e-37
3.693976711704066e-37
4.581716430419076e-37
5.018313475297393e-37
4.684773736043694e-37
3.419728009041568e-37
1.5011434687305247e-37
4.888814196041885e-39
1.5152770523093163e-37
1.0167052017769097e-36
3.23736227456932e-36
7.641231110556576e-36
1.5140785348167273e-35
2.6499173364573684e-35
4.1938248765178237e-35
6.059777948602403e-35
7.993819817240981e-35
9.532669478311239e-35
1.0027713448526435e-34
8.813899469456004e-35
5.643859099576065e-35
1.5514614121586536e-35
3.4353750144308185e-36
1.092039397380502e-34
5.0556497651244836e-34
1.4907525954177765e-33
3.534500894023721e-33
7.316703868706899e-33
1.373651193808295e-32
2.385532157992091e-32
3.872076970718422e-32
5.900602908866851e-32
8.44023708164827e-32
1.1274953989150229e-31
1.3902781258094338e-31
1.5465681934291606e-31
1.4820276160713487e-31
1.0984376056259524e-31
4.42003014138792e-32
7.067050991492379e-35
1.322655293517722e-31
8.217264179266959e-31
2.897901016369802e-30
8.03563780850876e-30
1.9443169063101287e-29
4.3026200922415306e-29
8.931758937642701e-29
1.766197292368012e-28
3.3604228972494465e-28
6.194664602521102e-28
1.111978199998564e-27
1.9510571117021886e-27
3.355882304463028e-27
5.6716578756306204e-27
9.436056188052986e-27
1.5477984975565377e-26
2.506325728205857e-26
4.0107861392630967e-26
6.348804145893147e-26
9.948818521227538e-26
1.5444375021049625e-25
2.3765871864878725e-25
3.6270744958266377e-25
5.492720785542524e-25
8.25722476103852e-25
1.2327210637791544e-24
1.8282358602282586e-24
2.694480314557847e-24
3.947478636331056e-24
5.7501945685291106e-24
8.330478172562413e-24
1.2005502858580736e-23
1.7214914089837725e-23
2.4565631107048037e-23
3.489218389571303e-23
4.933769368843556e-23
6.946219847050952e-23
9.738708944796055e-23
1.3598709248845432e-22
1.891446675895619e-22
2.6208612095958123e-22
3.6182439486378833e-22
4.977407551961514e-22
6.823468564165103e-22
9.32280454777734e-22
1.2696030218973378e-21
1.7234865026395183e-21
2.332400485803266e-21
3.1469413827215494e-21
4.23348341169546e-21
5.678879213541717e-21
7.596498182547267e-21
1.0133966056508702e-20
1.3483063624249826e-20
1.7892360071265726e-20
2.3683303005973256e-20
3.1270669342784303e-20
4.118850722228462e-20
5.4122979107735954e-20
7.095386240631449e-20
9.280689139110476e-20
1.2111965104059994e-19
1.5772438175067162e-19
2.0495185047654853e-19
2.657614211255525e-19
3.439036541001375e-19
4.441232290440113e-19
5.724117730349178e-19
7.363223572651466e-19
9.453600810871362e-19
1.2114663921473388e-18
1.5496187138641654e-18
1.9785717088562037e-18
2.5217722691060686e-18
3.2084872937680576e-18
4.075191735970692e-18
5.1672745596169376e-18
6.541132489975394e-18
8.266736176778158e-18
1.0430771101415746e-17
1.3140476827088936e-17
1.6528333695667114e-17
2.0757776626433562e-17
2.6030152226599097e-17
3.259317911180217e-17
4.0751223490927834e-17
5.087776426652839e-17
6.343049599281839e-17
7.896960619802448e-17
9.817986838002972e-17
1.2189731643417721e-16
1.5114141390205126e-16
1.8715380638072246e-16
2.3144495255275297e-16
2.858501742625041e-16
3.525969555074626e-16
4.34385661882329e-16
5.344862549501418e-16
6.568540507609629e-16
8.062681305759395e-16
9.884966690780423e-16
1.2104942175857994e-15
1.4806368863522207e-15
1.8090024333594115e-15
2.207703513134196e-15
2.6912837981793622e-15
3.277188392582955e-15
3.986321952679099e-15
4.843710260063393e-15
5.8792837118694225e-15
7.128804364412078e-15
8.634961861127258e-15
1.044866787724029e-14
1.2630583717473744e-14
1.5252921519543933e-14
1.8401566271969735e-14
2.217857369558884e-14
2.6705108131619947e-14
3.212489511741322e-14
3.860827553482532e-14
4.6356962338415676e-14
5.5609617201258734e-14
6.664838328703215e-14
7.980653214801069e-14
9.547740789405476e-14
1.1412488077407157e-13
1.3629555572575194e-13
1.6263301992884325e-13
1.9389445768007082e-13
2.30970011835699e-13
2.7490532959951575e-13
3.269277976615459e-13
3.8847704885848676e-13
4.612404110437091e-13
5.471940703287075e-13
6.48650837113485e-13
7.683155364317418e-13
9.093491964480045e-13
1.0754433831230609e-12
1.2709062281317895e-12
1.500761924495218e-12
1.7708657239500682e-12
2.0880367662072504e-12
2.4602114079026466e-12
2.896620103821955e-12
3.407991331215971e-12
4.0067865468602984e-12
4.7074707340198055e-12
5.5268237417506564e-12
6.48429835226801e-12
7.602431844982692e-12
8.907318771281505e-12
1.0429153726845781e-11
1.220285412475716e-11
1.426877435136838e-11
1.6673524248759804e-11
1.9470906635973453e-11
2.2722990582408164e-11
2.6501339410285277e-11
3.088841496206475e-11
3.597918256023765e-11
4.188294435266262e-11
4.872543242318122e-11
5.6651197206859356e-11
6.582633144031425e-11
7.644157516560033e-11
8.871585326418866e-11
1.0290030370745438e-10
1.1928286226315152e-10
1.3819347789566597e-10
1.600100426553274e-10
1.8516513059589526e-10
2.1415365233134882e-10
2.475415454014803e-10
2.859756358368001e-10
3.301948233933295e-10
3.8104276208572346e-10
4.39482229126347e-10
5.066113994494086e-10
5.836822699644593e-10
6.721215078776605e-10
7.735540312147392e-10
8.898296674903832e-10
1.0230532787546658e-9
1.175618788518284e-9
1.3502475988813135e-9
1.5500319451931313e-9
1.7784838014509375e-9
2.0395900231732547e-9
2.337874496518899e-9
2.6784681539092423e-9
3.0671878184020573e-9
3.5106249527210114e-9
4.0162455154518545e-9
4.592502267897047e-9
5.248961032007853e-9
5.996442574425385e-9
6.847181985880913e-9
7.815007641152982e-9
8.915542064797914e-9
1.0166427294547603e-8
1.1587577630458604e-8
1.3201462986747909e-8
1.5033426428235608e-8
1.7112039878260634e-8
1.946950243406082e-8
2.2142086223559932e-8
2.517063528939926e-8
2.8601123597525002e-8
3.248527894489533e-8
3.688128029072627e-8
4.185453686565773e-8
4.747855833154182e-8
5.383592628030589e-8
6.101937848348981e-8
6.913301854555068e-8
7.829366498589426e-8
8.863235529003278e-8
1.002960221437738e-7
1.1344936091181507e-7
1.2827690946099384e-7
1.449853636778425e-7
1.638061545109997e-7
1.849983151043953e-7
2.0885166960214258e-7
2.3569037852830563e-7
2.6587687930435916e-7
2.9981626449727123e-7
3.3796114482789404e-7
3.8081704885231497e-7
4.2894841660129107e-7
4.829852503721942e-7
5.436304923657794e-7
6.116682060031059e-7
6.879726456078665e-7
7.735183077637193e-7
8.693910671286544e-7
9.76800509889418e-7
1.0970935894563862e-6
1.231769741528831e-6
1.38249760940678e-6
1.5511335455026159e-6
1.7397420715374948e-6
1.9506184980300116e-6
2.1863139235449682e-6
2.449662855929406e-6
2.7438137215964412e-6
3.072262555015592e-6
3.4388901891389732e-6
3.848003298761794e-6
4.304379683029156e-6
4.813318210726536e-6
5.380693892919674e-6
6.013018592257128e-6
6.717507927159419e-6
7.502154982566335e-6
8.375811497304484e-6
9.348277261911988e-6
0.000010430398530395124
0.00001163417632541321
0.000012972885599357515
0.000014461206304320526
0.000016115367522708387
0.000017953305917953003
0.000019994839882213692
0.00002226186088596945
0.000024778543673911537
0.000027571577103548872
0.0000306704175885155
0.000034107567288890265
0.00003791887938717059
0.000042143893002257996
0.00004682620052639673
0.000052013850423068525
0.00005775978879912431
0.00006412234336381204
0.00007116575371287342
0.00007896075222973571
0.00008758520028039774
0.0000971247847964767
0.00010767378079482739
0.00011933588587517417
0.0001322251332725564
0.00014646689062258964
0.000162198952228377
0.00017957273330245673
0.00019875457539986343
0.0002199271730639743
0.00024329113258045348
0.00026906667468184657
0.0002974954940721988
0.00032884278975392646
0.00036339948134502724
0.00040148462788106785
0.00044344806701132947
0.00048967329403073
0.0005405806018480739
0.0005966305047869127
0.0006583274710587241
0.0007262239908509715
0.0008009250092475037
0.0008830927556592972
0.0009734520041043566
0.0010727958015524027
0.0011819917046597432
0.0013019885685806244
0.0014338239351730135
0.0015786320718402015
0.0017376527164874966
0.0019122405886499245
0.0021038757317884092
0.0023141747570864925
0.0025449030648374174
0.0027979881257248003
0.0030755339110039243
0.0033798365678223458
0.003713401443718062
0.004078961572744106
0.004479497744736266
0.004918260289015312
0.005398792714349843
0.0059249573583577495
0.006500963211754444
0.0071313960960302
0.007821251387327432
0.008575969494566963
0.00940147431632119
0.010304214918638078
0.011291210695075935
0.012370100290714439
0.013549194593968698
0.014837534123764397
0.01624495116515545
0.01778213703391138
0.019460714880110436
0.021293318472495014
0.02329367743943966
0.025476709479018783
0.02785862009002597
0.030457010418084365
0.03329099385640834
0.0363813220895547
0.03975052132087639
0.04342303948061953
0.04742540527195935
0.051786399977044886
0.056537243014628195
0.061711792315426305
0.06734676066135867
0.07348194922060125
0.08016049960240684
0.08742916585429379
0.0953386079299669
0.10394370826969673
0.11330391325637842
0.12348360144067884
0.1345524805681633
0.1465860155907126
0.15966589000457926
0.17388050302881877
0.18932550532134618
0.20610437612633606
0.2243290449569926
0.2441205611428026
0.2656098148112582
0.2889383131317587
0.3142590159251195
0.34173723503703957
0.37155160218929806
0.4038951103597509
0.43897623410283
0.47702013460779
0.5182699557040438
0.5629882174633583
0.6114583145193246
0.6639861267273708
0.7209017503257817
0.7825613583320079
0.8493491995213677
0.9216797459896687