1.
0.6949963716969106
0.48231412830204606
0.3342232831064631
0.2312581080899345
0.15977358548974027
0.11021858966549115
0.07591727225594284
0.05221029549539658
0.035850511691510274
0.024578307071791476
0.016823626779001257
0.011497194862099193
0.007844444993340307
0.005343477296464123
0.0036338783211250347
0.002467144590088106
0.0016722055753548883
0.0011314842080799926
0.0007643000721510064
0.0005153811966811348
0.0003469245838992994
0.0002331180329435466
0.00015636634162289963
0.0001046958552805292
0.00006997236865624678
0.000046679528983074105
0.000031082858405666574
0.000020658637784274525
0.00001370440435136177
9.073769785934488e-6
5.99619382553464e-6
3.954712639603444e-6
2.603133563033244e-6
1.7100584135687923e-6
1.1211119149806193e-6
7.335013211569663e-7
4.789133518727828e-7
3.120377388752219e-7
2.0288094704428007e-7
1.3162821976047393e-7
8.521573507827772e-8
5.5048166740453377e-8
3.548192965399193e-8
2.2819268319319222e-8
1.464248882374061e-8
9.374220132317248e-9
5.987569639014647e-9
3.815479030553715e-9
2.42559483195151e-9
1.5383158437777936e-9
9.73235499074671e-10
6.142177710590981e-10
3.866743572701951e-10
2.428136990923393e-10
1.52086888559191e-10
9.501382243199019e-11
5.920297871464141e-11
3.679146446007807e-11
2.2802475305074225e-11
1.4093946371128253e-11
8.6872609959586e-12
5.339693290282276e-12
3.272774656281213e-12
2.000161197699703e-12
1.2188361553033428e-12
7.405237501517732e-13
4.485671143730215e-13
2.70889156069212e-13
1.6308425905550278e-13
9.787430347085167e-14
5.855189993406131e-14
3.4914664512204e-14
2.0751412594025806e-14
1.229244044009096e-14
7.256986964943468e-15
4.269517928799028e-15
2.503118580613473e-15
1.4623091816399442e-15
8.511901271935724e-16
4.936477501731905e-16
2.852225047716265e-16
1.64171761019059e-16
9.413091693752918e-17
5.37595344682688e-17
3.0579990248195157e-17
1.7323916068527622e-17
9.773472212019409e-18
5.490499646254424e-18
3.0711423957213045e-18
1.7103178917948955e-18
9.4821087848892e-19
5.232934315270579e-19
2.8744681239045977e-19
1.571446725833554e-19
8.549254786348347e-20
4.628050266075705e-20
2.49265431677303e-20
1.3355842055118105e-20
7.11827466272868e-21
3.7732823025194416e-21
1.9890672882903866e-21
1.0425750544544868e-21
5.432907089034207e-22
2.8142385505516593e-22
1.448861159851994e-22
7.4124222970744e-23
3.7677999298334146e-23
1.902535613349524e-23
9.541440025181343e-24
4.751663415801059e-24
2.3492955428575577e-24
1.1529069425126937e-24
5.614539134867835e-25
2.712624026199194e-25
1.2998888367925665e-25
6.176491520835326e-26
2.909149499760896e-26
1.3578100777867553e-26
6.277846869322037e-27
2.874216408791288e-27
1.3025387529949071e-27
5.8402985310528735e-28
2.589684337417077e-28
1.135014187860331e-28
4.91419112842617e-29
2.1005241985865916e-29
8.85783810552636e-30
3.682286822393349e-30
1.5077260421256908e-30
6.074621463158098e-31
2.4056195008618775e-31
9.351766829317522e-32
3.56352469991285e-32
1.328725659386696e-32
4.838038818422438e-33
1.7159587134550143e-33
5.9105366866674205e-34
1.9695692230014233e-34
6.318337995448056e-35
1.9385575789753264e-35
5.637186396203715e-36
1.5332641808649885e-36
3.821131021041154e-37
8.422286148408702e-38
1.530852087651981e-38
1.922404988196361e-39
7.524879186196998e-41
2.0936714004900174e-41
6.197814242418528e-41
5.19690350899993e-41
2.9022122471452014e-41
1.280776989228296e-41
4.710725874776329e-42
1.4543343040043867e-42
3.6566859361073236e-43
6.798672633877714e-44
6.714121441766864e-45
2.2918629480536208e-49
8.159490551758089e-46
1.0558058287956014e-45
7.037303317972293e-46
3.352922693348001e-46
1.2343252391080589e-46
3.47889283853285e-47
6.744214537529027e-48
5.705535233593613e-49
1.4124394242475444e-50
1.8193729835972088e-49
1.995870191364196e-49
1.231833463715842e-49
5.368965921975221e-50
1.701395553978423e-50
3.540216545494115e-51
2.8868957638386165e-52
1.8152570570032602e-53
1.4301019794083048e-52
1.5167216713449608e-52
9.125074244249895e-53
3.757696373828832e-53
1.0412855471206298e-53
1.4915969165508963e-54
4.6565900297184393e-57
2.0015060771876115e-55
3.1938253867566857e-55
2.3144810349803813e-55
1.0751845446995411e-55
3.24873498732713e-56
4.914105907402461e-57
9.57539677185338e-60
8.013742881011639e-58
1.2873767051162987e-57
9.378734889665525e-58
4.267717242764272e-58
1.1839911754613231e-58
1.2625334537025083e-59
6.96034789188013e-61
7.537825597267402e-60
8.962658349442424e-60
5.620269273709972e-60
2.1663890371052866e-60
4.312864791200707e-61
6.978795245947531e-63
5.149419329744514e-62
1.0740834303812963e-61
8.800046482093743e-62
4.222802344196961e-62
1.1217072434483668e-62
7.162155423355561e-64
4.7786533779257124e-64
1.7753493540895087e-63
1.780525146162487e-63
9.848319419047104e-64
3.0321052365496032e-64
2.767974901225908e-65
7.881260336016777e-66
4.307310116809105e-65
4.839521114980604e-65
2.875441790613032e-65
9.320046881923612e-66
8.65242413914485e-67
2.8938117484020043e-67
1.5580398597145483e-66
1.7775945315190962e-66
1.0602738196001542e-66
3.315440690434275e-67
2.2838559174290307e-68
2.0958104319362434e-68
8.136090510041968e-68
8.659940796127015e-68
4.862591974245197e-68
1.3284933086528045e-68
3.3929089242151445e-70
2.2442928439591132e-69
5.784707183060378e-69
5.407649163082743e-69
2.680522611206083e-69
5.522472812029517e-70
1.8380569931072956e-72
2.977059823499569e-70
5.2698310450725265e-70
4.1472828254347597e-70
1.6795924843644246e-70
1.8965270139743476e-71
7.279359554791083e-72
4.562168883652745e-71
5.8366072773520156e-71
3.714182809156302e-71
1.0830758683648883e-71
1.512496708926567e-73
3.1413339146920994e-72
7.860112365838255e-72
7.501882299592126e-72
3.6301020470211514e-72
5.636635654917211e-73
9.635037704645152e-74
1.0034134046330389e-72
1.4956295139634847e-72
1.0640864420177041e-72
3.434944819758145e-73
5.956194730384333e-75
1.110158598417658e-73
3.021038803185172e-73
3.070981117604334e-73
1.5463887215777408e-73
2.257352849564011e-74
7.413236536695086e-75
6.142513173636597e-74
9.157437198574967e-74
6.528662999790905e-74
1.965126187225726e-74
1.3632606134259843e-77
1.1977920665815766e-74
2.874781851149171e-74
2.812305775018659e-74
1.3157573776078293e-74
1.2065292478039636e-75
1.9239185975325543e-75
9.49525445144072e-75
1.2831150347824274e-74
8.408341199916055e-75
1.9561752747831465e-75
1.277151980201844e-76
3.2280666766891777e-75
6.30160926925865e-75
5.546009694961058e-75
2.1531416305698408e-75
3.778681630523664e-77
1.062709538718453e-75
3.33996230549123e-75
3.9112089628065793e-75
2.1894201048532564e-75
2.845420258946483e-76
2.849225985702189e-76
1.8905530693648504e-75
2.996677716404719e-75
2.2704298307135425e-75
6.29613516945849e-76
2.7299898147223678e-77
1.1095504077627504e-75
2.504858867311372e-75
2.504858867311372e-75
1.1095504077627504e-75
2.7299898147223678e-77
6.29613516945849e-76
2.2704298307135425e-75
2.996677716404719e-75
1.8905530693648504e-75
2.849225985702189e-76
2.845420258946483e-76
2.1894201048532564e-75
3.9112089628065793e-75
3.33996230549123e-75
1.062709538718453e-75
3.778681630523664e-77
2.1531416305698408e-75
5.546009694961058e-75
6.30160926925865e-75
3.2280666766891777e-75
1.277151980201844e-76
1.9561752747831465e-75
8.408341199916055e-75
1.2831150347824274e-74
9.49525445144072e-75
1.9239185975325543e-75
1.2065292478039636e-75
1.3157573776078293e-74
2.812305775018659e-74
2.874781851149171e-74
1.1977920665815766e-74
1.3632606134259843e-77
1.965126187225726e-74
6.528662999790905e-74
9.157437198574967e-74
6.142513173636597e-74
7.413236536695086e-75
2.257352849564011e-74
1.5463887215777408e-73
3.070981117604334e-73
3.021038803185172e-73
1.110158598417658e-73
5.956194730384333e-75
3.434944819758145e-73
1.0640864420177041e-72
1.4956295139634847e-72
1.0034134046330389e-72
9.635037704645152e-74
5.636635654917211e-73
3.6301020470211514e-72
7.501882299592126e-72
7.860112365838255e-72
3.1413339146920994e-72
1.512496708926567e-73
1.0830758683648883e-71
3.714182809156302e-71
5.8366072773520156e-71
4.562168883652745e-71
7.279359554791083e-72
1.8965270139743476e-71
1.6795924843644246e-70
4.1472828254347597e-70
5.2698310450725265e-70
2.977059823499569e-70
1.8380569931072956e-72
5.522472812029517e-70
2.680522611206083e-69
5.407649163082743e-69
5.784707183060378e-69
2.2442928439591132e-69
3.3929089242151445e-70
1.3284933086528045e-68
4.862591974245197e-68
8.659940796127015e-68
8.136090510041968e-68
2.0958104319362434e-68
2.2838559174290307e-68
3.315440690434275e-67
1.0602738196001542e-66
1.7775945315190962e-66
1.5580398597145483e-66
2.8938117484020043e-67
8.65242413914485e-67
9.320046881923612e-66
2.875441790613032e-65
4.839521114980604e-65
4.307310116809105e-65
7.881260336016777e-66
2.767974901225908e-65
3.0321052365496032e-64
9.848319419047104e-64
1.780525146162487e-63
1.7753493540895087e-63
4.7786533779257124e-64
7.162155423355561e-64
1.1217072434483668e-62
4.222802344196961e-62
8.800046482093743e-62
1.0740834303812963e-61
5.149419329744514e-62
6.978795245947531e-63
4.312864791200707e-61
2.1663890371052866e-60
5.620269273709972e-60
8.962658349442424e-60
7.537825597267402e-60
6.96034789188013e-61
1.2625334537025083e-59
1.1839911754613231e-58
4.267717242764272e-58
9.378734889665525e-58
1.2873767051162987e-57
8.013742881011639e-58
9.57539677185338e-60
4.914105907402461e-57
3.24873498732713e-56
1.0751845446995411e-55
2.3144810349803813e-55
3.1938253867566857e-55
2.0015060771876115e-55
4.6565900297184393e-57
1.4915969165508963e-54
1.0412855471206298e-53
3.757696373828832e-53
9.125074244249895e-53
1.5167216713449608e-52
1.4301019794083048e-52
1.8152570570032602e-53
2.8868957638386165e-52
3.540216545494115e-51
1.701395553978423e-50
5.368965921975221e-50
1.231833463715842e-49
1.995870191364196e-49
1.8193729835972088e-49
1.4124394242475444e-50
5.705535233593613e-49
6.744214537529027e-48
3.47889283853285e-47
1.2343252391080589e-46
3.352922693348001e-46
7.037303317972293e-46
1.0558058287956014e-45
8.159490551758089e-46
2.2918629480536208e-49
6.714121441766864e-45
6.798672633877714e-44
3.6566859361073236e-43
1.4543343040043867e-42
4.710725874776329e-42
1.280776989228296e-41
2.9022122471452014e-41
5.19690350899993e-41
6.197814242418528e-41
2.0936714004900174e-41
7.524879186196998e-41
1.922404988196361e-39
1.530852087651981e-38
8.422286148408702e-38
3.821131021041154e-37
1.5332641808649885e-36
5.637186396203715e-36
1.9385575789753264e-35
6.318337995448056e-35
1.9695692230014233e-34
5.9105366866674205e-34
1.7159587134550143e-33
4.838038818422438e-33
1.328725659386696e-32
3.56352469991285e-32
9.351766829317522e-32
2.4056195008618775e-31
6.074621463158098e-31
1.5077260421256908e-30
3.682286822393349e-30
8.85783810552636e-30
2.1005241985865916e-29
4.91419112842617e-29
1.135014187860331e-28
2.589684337417077e-28
5.8402985310528735e-28
1.3025387529949071e-27
2.874216408791288e-27
6.277846869322037e-27
1.3578100777867553e-26
2.909149499760896e-26
6.176491520835326e-26
1.2998888367925665e-25
2.712624026199194e-25
5.614539134867835e-25
1.1529069425126937e-24
2.3492955428575577e-24
4.751663415801059e-24
9.541440025181343e-24
1.902535613349524e-23
3.7677999298334146e-23
7.4124222970744e-23
1.448861159851994e-22
2.8142385505516593e-22
5.432907089034207e-22
1.0425750544544868e-21
1.9890672882903866e-21
3.7732823025194416e-21
7.11827466272868e-21
1.3355842055118105e-20
2.49265431677303e-20
4.628050266075705e-20
8.549254786348347e-20
1.571446725833554e-19
2.8744681239045977e-19
5.232934315270579e-19
9.4821087848892e-19
1.7103178917948955e-18
3.0711423957213045e-18
5.490499646254424e-18
9.773472212019409e-18
1.7323916068527622e-17
3.0579990248195157e-17
5.37595344682688e-17
9.413091693752918e-17
1.64171761019059e-16
2.852225047716265e-16
4.936477501731905e-16
8.511901271935724e-16
1.4623091816399442e-15
2.503118580613473e-15
4.269517928799028e-15
7.256986964943468e-15
1.229244044009096e-14
2.0751412594025806e-14
3.4914664512204e-14
5.855189993406131e-14
9.787430347085167e-14
1.6308425905550278e-13
2.70889156069212e-13
4.485671143730215e-13
7.405237501517732e-13
1.2188361553033428e-12
2.000161197699703e-12
3.272774656281213e-12
5.339693290282276e-12
8.6872609959586e-12
1.4093946371128253e-11
2.2802475305074225e-11
3.679146446007807e-11
5.920297871464141e-11
9.501382243199019e-11
1.52086888559191e-10
2.428136990923393e-10
3.866743572701951e-10
6.142177710590981e-10
9.73235499074671e-10
1.5383158437777936e-9
2.42559483195151e-9
3.815479030553715e-9
5.987569639014647e-9
9.374220132317248e-9
1.464248882374061e-8
2.2819268319319222e-8
3.548192965399193e-8
5.5048166740453377e-8
8.521573507827772e-8
1.3162821976047393e-7
2.0288094704428007e-7
3.120377388752219e-7
4.789133518727828e-7
7.335013211569663e-7
1.1211119149806193e-6
1.7100584135687923e-6
2.603133563033244e-6
3.954712639603444e-6
5.99619382553464e-6
9.073769785934488e-6
0.00001370440435136177
0.000020658637784274525
0.000031082858405666574
0.000046679528983074105
0.00006997236865624678
0.0001046958552805292
0.00015636634162289963
0.0002331180329435466
0.0003469245838992994
0.0005153811966811348
0.0007643000721510064
0.0011314842080799926
0.0016722055753548883
0.002467144590088106
0.0036338783211250347
0.005343477296464123
0.007844444993340307
0.011497194862099193
0.016823626779001257
0.024578307071791476
0.035850511691510274
0.05221029549539658
0.07591727225594284
0.11021858966549115
0.15977358548974027
0.2312581080899345
0.3342232831064631
0.48231412830204606
0.6949963716969106