1.
0.7746391309569156
0.599716786638172
0.46402255236357653
0.3588201631502354
0.2773053227249151
0.21418148534056083
0.16532812058041105
0.12754144476145474
0.09833190314070228
0.07576607053625967
0.05834329834966369
0.04489952667753971
0.03453232230637205
0.026542492431275433
0.02038863527194594
0.015651781762622243
0.012007903950512079
0.009206552482319157
0.007054266575530898
0.00540169795498116
0.004133623303191732
0.003161201900552367
0.0024159773696097258
0.0018452334582452926
0.0014084003999710868
0.0010742759062236783
0.0008188774507812155
0.0006237834691027444
0.0004748529731173619
0.00036123787475095677
0.00027462158226775773
0.0002086324030931536
0.0001583919080823861
0.00012016742858374646
0.00009110484868457913
0.00006902327230903847
0.00005225734000773939
0.000039536217003660445
0.000029890785176124463
0.000022582512609207785
0.000017048973609095926
0.000012862149466533522
9.696533100750847e-6
7.3047490765457385e-6
5.498930831652656e-6
4.136505290214584e-6
3.1093492309108057e-6
2.3355233711815845e-6
1.7529757738660671e-6
1.3147487403809193e-6
9.853327518935122e-7
7.378949134645083e-7
5.521736477793397e-7
4.1288062116114373e-7
3.0848856477375376e-7
2.303124705270505e-7
1.718136638661206e-7
1.280730743542849e-7
9.539286039843554e-8
7.09953330711869e-8
5.279558369276108e-8
3.9229900667514785e-8
2.912638411098386e-8
2.1607454201228792e-8
1.601644722546684e-8
1.1862390118585781e-8
8.778483539129909e-9
6.490914774261485e-9
4.795448536909898e-9
3.539869644285643e-9
2.6108250809025196e-9
1.9239708916530753e-9
1.4165997227087434e-9
1.042128897284678e-9
7.659828200876801e-10
5.625194889068801e-10
4.1273822991599054e-10
3.025714884206139e-10
2.2161291325778724e-10
1.6217108865321727e-10
1.1856612735433717e-10
8.660723452521694e-11
6.320501143483417e-11
4.608399391427824e-11
3.356969379938215e-11
2.4430970213010146e-11
1.7763456528799343e-11
1.2903425108048816e-11
9.364198366618314e-12
6.789246132552287e-12
4.917621501295456e-12
3.558512197777404e-12
2.5725203562083284e-12
1.8579042927397837e-12
1.3404762921488936e-12
9.661917157094033e-13
6.95717477188882e-13
5.004549338839092e-13
3.596304751650135e-13
2.581691862973487e-13
1.8514230030290466e-13
1.3263468864436226e-13
9.491954720225105e-14
6.785753455657885e-14
4.845974845499887e-14
3.457017943882665e-14
2.4635206782053523e-14
1.753644475169941e-14
1.2469650266258692e-14
8.857087963197327e-15
6.284173179952275e-15
4.4537140653156655e-15
3.1528983653519238e-15
2.2294999953050837e-15
1.5747485269943866e-15
1.1110087963889812e-15
7.829294165634396e-16
5.510903156060254e-16
3.8744867749446595e-16
2.720777037844599e-16
1.9083374541459874e-16
1.3368936976539577e-16
9.354359142083977e-17
6.537362894436859e-17
4.56308346280194e-17
3.1810999624145876e-17
2.214904833006215e-17
1.5402364033325173e-17
1.069719483578149e-17
7.419903033336165e-18
5.1400564317105414e-18
3.556103142032519e-18
2.4570445091234852e-18
1.6954276309424578e-18
1.1683375306216307e-18
8.040359193882473e-19
5.525807758609542e-19
3.792489334493623e-19
2.5992990387960096e-19
1.779042572048487e-19
1.2159326297731294e-19
8.298900333684452e-20
5.656061954653986e-20
3.849328463062474e-20
2.615938556693693e-20
1.7751552085311704e-20
1.2028341019107313e-20
8.138231561274111e-21
5.497984039876638e-21
3.7086867348459185e-21
2.4978945619738154e-21
1.6798065379308124e-21
1.1278971176251113e-21
7.561335440330751e-22
5.061042272775252e-22
3.382107495485555e-22
2.256494432841365e-22
1.5030515316025128e-22
9.995382909454881e-23
6.635964690466522e-23
4.398258488145628e-23
2.910196764618484e-23
1.9223020328824572e-23
1.267567764062685e-23
8.343793148878674e-24
5.482656226783901e-24
3.596216856342552e-24
2.3546165201744247e-24
1.538884069983681e-24
1.0039100989019806e-24
6.5370016202394865e-25
4.248627999518547e-25
2.756109712116907e-25
1.7844860153639569e-25
1.1531602233296528e-25
7.437326505479187e-26
4.78724204438194e-26
3.075287621486592e-26
1.9715518067745434e-26
1.2613709835053025e-26
8.053405343476104e-27
5.131071244835193e-27
3.2622539668571366e-27
2.06965511705448e-27
1.3102003598339224e-27
8.276100619302042e-28
5.216157309307321e-28
3.2802034193701045e-28
2.0580887722549737e-28
1.2883339354992816e-28
8.04602392555148e-29
5.013141385228297e-29
3.116027520968674e-29
1.9321549377075167e-29
1.195138584196043e-29
7.37422247925258e-30
4.5385958782358924e-30
2.786245711056544e-30
1.7060622767282047e-30
1.0419154763418855e-30
6.346238972004779e-31
3.855053911641494e-31
2.335382102722529e-31
1.4108531600108246e-31
8.499326661255625e-32
5.105614890770169e-32
3.0581156567514335e-32
1.8263460020053552e-32
1.0874666606025284e-32
6.455538365098143e-33
3.8204269459326494e-33
2.2538911303506216e-33
1.3254813324543822e-33
7.769826443777033e-34
4.5396536014825434e-34
2.64352697653932e-34
1.5341562037549984e-34
8.872675055563089e-35
5.113429166348252e-35
2.9363998911277204e-35
1.680099941553624e-35
9.577290934868374e-36
5.438855607928332e-36
3.076792430610709e-36
1.7337323692312374e-36
9.730277871051793e-37
5.43866843701598e-37
3.027244671821378e-37
1.6778457672791009e-37
9.259052199587359e-38
5.086859661043213e-38
2.782009947657296e-38
1.5144271113422247e-38
8.204873669969797e-39
4.423643585975775e-39
2.3731304919527268e-39
1.2666085778651282e-39
6.724901147054167e-40
3.5513421387917827e-40
1.8650890359286826e-40
9.739596861916565e-41
5.056464577521128e-41
2.609418463292918e-41
1.33829876172309e-41
6.820119952717217e-42
3.452806828047194e-42
1.7362002845043876e-42
8.669103217542654e-43
4.297221851937982e-43
2.114098302600768e-43
1.0319582270802467e-43
4.996483452589084e-44
2.3987606323159577e-44
1.141488725063568e-44
5.38203341439781e-45
2.5131742136474814e-45
1.1616966667749724e-45
5.3128485594061834e-46
2.4025459502277586e-46
1.0735949471691791e-46
4.737103356867107e-47
2.062173335712607e-47
8.848336404973316e-48
3.7380288610522405e-48
1.5527775473730563e-48
6.332892137488799e-49
2.5312377723305295e-49
9.893375038444711e-50
3.770964972994433e-50
1.396883308286951e-50
5.0063986857508944e-51
1.7256323795638575e-51
5.6729369923365476e-52
1.757130689265625e-52
5.030929879374801e-53
1.2886682311433368e-53
2.769592953328335e-54
4.2629261885771425e-55
2.446176524295375e-56
3.729526636906988e-57
1.8268795075594837e-56
2.0010220811177118e-56
1.4467124170887758e-56
8.430811214687128e-57
4.248679488604369e-57
1.9063497925379167e-57
7.691573501284431e-58
2.78119716354308e-58
8.853557690212448e-59
2.378930844249331e-59
4.877017703371111e-60
5.519228044769134e-61
2.1489553639579108e-64
8.32944197575921e-62
1.3352644632310915e-61
1.12388613474427e-61
7.04682456995923e-62
3.6390210825737634e-62
1.601514339426654e-62
6.020333349228309e-63
1.881525074668959e-63
4.513798207829816e-64
6.479626969460905e-65
8.950410574388119e-67
5.333980357291163e-66
1.1120936819086143e-65
1.0296193819373703e-65
6.746923116789711e-66
3.518858624775365e-66
1.5090850157637183e-66
5.254455329035455e-67
1.3842638642895037e-67
2.1808407707856044e-68
3.99187932930481e-70
1.745517402498556e-69
3.9401197381765634e-69
3.77302168019406e-69
2.501035700515109e-69
1.2891891303912643e-69
5.2862503577740094e-70
1.658053633901823e-70
3.4032193748140707e-71
2.1513808788185318e-72
7.573739462052574e-73
3.3578525343118497e-72
3.8750675059925575e-72
2.834696143237961e-72
1.5511759838414416e-72
6.558248652852357e-73
2.0435400043059556e-73
3.8183782887208936e-74
1.139617311446361e-75
2.7462224412980484e-75
7.3726056510488e-75
7.590354852473015e-75
5.188822930223418e-75
2.642230608871844e-75
1.0013132320676664e-75
2.511879821898624e-76
2.39622603134727e-77
2.6281565123075707e-78
2.1976627851384632e-77
2.940127533030081e-77
2.3176483543112515e-77
1.307253890779252e-77
5.399599348602582e-78
1.4782499750718866e-78
1.6433615427397158e-79
1.0111216719533653e-80
1.2423845094034481e-79
1.786450788078916e-79
1.462039812252007e-79
8.39432712404452e-80
3.4445196705319665e-80
8.876413749282792e-81
7.040509588915416e-82
2.4707917617121824e-82
1.3088947886344584e-81
1.6641112482277984e-81
1.2769246364729893e-81
6.862258937964452e-82
2.529015021029904e-82
5.023441563416106e-83
5.517902423831791e-85
9.112269021433677e-84
2.120036950304485e-83
2.158359647517121e-83
1.4356869316256534e-83
6.615617979423336e-84
1.885695832319957e-84
1.6764384309135097e-85
5.550232613421758e-86
3.267660379545838e-85
4.377236929836249e-85
3.4620400766798684e-85
1.8628510182179464e-85
6.471187836493944e-86
9.687938750187425e-87
2.2769138963980887e-88
6.6049393204338925e-87
1.1235354954140196e-86
1.0125896162296023e-86
6.049401749104089e-87
2.3526532118554027e-87
4.348997390080002e-88
2.2963651597020097e-91
1.8940333849891606e-88
3.7762486310239916e-88
3.689403977588295e-88
2.3386653165859418e-88
9.579713806639825e-89
1.877991671817677e-89
8.508691108505244e-94
8.070499782934205e-90
1.6824271391013447e-89
1.688638956952727e-89
1.0875711864823796e-89
4.446374258493378e-90
8.173623124705296e-91
5.49539397275904e-93
5.038382104062636e-91
9.842877764370417e-91
9.649647867247915e-91
6.057256016450204e-91
2.3388252093772145e-91
3.459605472555271e-92
2.9696167765830315e-93
4.331484199191327e-92
7.374184386102464e-92
6.770787186838981e-92
3.9767446603752116e-92
1.35661982362913e-92
1.2060221612609767e-93
8.848887175556238e-94
4.774261995242149e-93
6.8507805471244525e-93
5.6970146279612914e-93
2.996496836159168e-93
8.176583783894015e-94
1.5041752768123682e-95
2.18433276684533e-94
6.375917732749991e-94
7.636994324971645e-94
5.584595552143856e-94
2.48645524311845e-94
4.4614223602100016e-95
2.0930606715175365e-96
5.1626731932324636e-95
9.923258875159268e-95
9.898516762554655e-95
6.154752239416462e-95
2.1166879807753307e-95
1.361520007465911e-96
2.8778339951600357e-96
1.2441124300827632e-95
1.750883982002723e-95
1.444698603058984e-95
7.256740564896987e-96
1.582036963135097e-96
1.7541538420317325e-98
1.4254173569127012e-96
3.1439283238352314e-96
3.4208581550243706e-96
2.2853847022350325e-96
8.396421918693355e-97
5.849312309182527e-98
1.2411392033729908e-97
5.700841437109609e-97
8.409494590191498e-97
7.208485493315872e-97
3.699908734189524e-97
7.726742308200947e-98
2.9956475812911063e-99
1.0089902406617135e-97
2.1712368232360803e-97
2.3709252383762395e-97
1.576407549443451e-97
5.466981123851509e-98
1.9733232478033716e-99
1.5817637711957998e-98
5.879725511114164e-98
8.300367291992858e-98
6.913487980962706e-98
3.331550857717435e-98
5.2132797800438085e-99
1.5739820775306571e-99
1.642975356267358e-98
3.122293322707094e-98
3.2197311284466365e-98
1.996482147756958e-98
5.7086495873111435e-99
5.220243962128142e-107
4.5410086642301205e-99
1.2634523178940956e-98
1.6190157879428968e-98
1.2444033718989728e-98
5.153178037183772e-99
3.6562341746865825e-100
1.1154759692200925e-99
5.459952479541107e-99
8.86227564953606e-99
8.299190916548904e-99
4.512216418246277e-99
8.569997880545136e-100
1.6921361149237013e-100
2.4715582209854443e-99
5.291656197642024e-99
6.013170194724968e-99
4.087883149960087e-99
1.2907147728666739e-99
3.8011951236538287e-103
1.1236400753206467e-99
3.4336489274535536e-99
4.769676540362195e-99
3.954011010893642e-99
1.7549114072879538e-99
1.2775783434641449e-100
4.646833123288186e-100
2.3947117612023747e-99
4.151221609785176e-99
4.151221609785176e-99
2.3947117612023747e-99
4.646833123288186e-100
1.2775783434641449e-100
1.7549114072879538e-99
3.954011010893642e-99
4.769676540362195e-99
3.4336489274535536e-99
1.1236400753206467e-99
3.8011951236538287e-103
1.2907147728666739e-99
4.087883149960087e-99
6.013170194724968e-99
5.291656197642024e-99
2.4715582209854443e-99
1.6921361149237013e-100
8.569997880545136e-100
4.512216418246277e-99
8.299190916548904e-99
8.86227564953606e-99
5.459952479541107e-99
1.1154759692200925e-99
3.6562341746865825e-100
5.153178037183772e-99
1.2444033718989728e-98
1.6190157879428968e-98
1.2634523178940956e-98
4.5410086642301205e-99
5.220243962128142e-107
5.7086495873111435e-99
1.996482147756958e-98
3.2197311284466365e-98
3.122293322707094e-98
1.642975356267358e-98
1.5739820775306571e-99
5.2132797800438085e-99
3.331550857717435e-98
6.913487980962706e-98
8.300367291992858e-98
5.879725511114164e-98
1.5817637711957998e-98
1.9733232478033716e-99
5.466981123851509e-98
1.576407549443451e-97
2.3709252383762395e-97
2.1712368232360803e-97
1.0089902406617135e-97
2.9956475812911063e-99
7.726742308200947e-98
3.699908734189524e-97
7.208485493315872e-97
8.409494590191498e-97
5.700841437109609e-97
1.2411392033729908e-97
5.849312309182527e-98
8.396421918693355e-97
2.2853847022350325e-96
3.4208581550243706e-96
3.1439283238352314e-96
1.4254173569127012e-96
1.7541538420317325e-98
1.582036963135097e-96
7.256740564896987e-96
1.444698603058984e-95
1.750883982002723e-95
1.2441124300827632e-95
2.8778339951600357e-96
1.361520007465911e-96
2.1166879807753307e-95
6.154752239416462e-95
9.898516762554655e-95
9.923258875159268e-95
5.1626731932324636e-95
2.0930606715175365e-96
4.4614223602100016e-95
2.48645524311845e-94
5.584595552143856e-94
7.636994324971645e-94
6.375917732749991e-94
2.18433276684533e-94
1.5041752768123682e-95
8.176583783894015e-94
2.996496836159168e-93
5.6970146279612914e-93
6.8507805471244525e-93
4.774261995242149e-93
8.848887175556238e-94
1.2060221612609767e-93
1.35661982362913e-92
3.9767446603752116e-92
6.770787186838981e-92
7.374184386102464e-92
4.331484199191327e-92
2.9696167765830315e-93
3.459605472555271e-92
2.3388252093772145e-91
6.057256016450204e-91
9.649647867247915e-91
9.842877764370417e-91
5.038382104062636e-91
5.49539397275904e-93
8.173623124705296e-91
4.446374258493378e-90
1.0875711864823796e-89
1.688638956952727e-89
1.6824271391013447e-89
8.070499782934205e-90
8.508691108505244e-94
1.877991671817677e-89
9.579713806639825e-89
2.3386653165859418e-88
3.689403977588295e-88
3.7762486310239916e-88
1.8940333849891606e-88
2.2963651597020097e-91
4.348997390080002e-88
2.3526532118554027e-87
6.049401749104089e-87
1.0125896162296023e-86
1.1235354954140196e-86
6.6049393204338925e-87
2.2769138963980887e-88
9.687938750187425e-87
6.471187836493944e-86
1.8628510182179464e-85
3.4620400766798684e-85
4.377236929836249e-85
3.267660379545838e-85
5.550232613421758e-86
1.6764384309135097e-85
1.885695832319957e-84
6.615617979423336e-84
1.4356869316256534e-83
2.158359647517121e-83
2.120036950304485e-83
9.112269021433677e-84
5.517902423831791e-85
5.023441563416106e-83
2.529015021029904e-82
6.862258937964452e-82
1.2769246364729893e-81
1.6641112482277984e-81
1.3088947886344584e-81
2.4707917617121824e-82
7.040509588915416e-82
8.876413749282792e-81
3.4445196705319665e-80
8.39432712404452e-80
1.462039812252007e-79
1.786450788078916e-79
1.2423845094034481e-79
1.0111216719533653e-80
1.6433615427397158e-79
1.4782499750718866e-78
5.399599348602582e-78
1.307253890779252e-77
2.3176483543112515e-77
2.940127533030081e-77
2.1976627851384632e-77
2.6281565123075707e-78
2.39622603134727e-77
2.511879821898624e-76
1.0013132320676664e-75
2.642230608871844e-75
5.188822930223418e-75
7.590354852473015e-75
7.3726056510488e-75
2.7462224412980484e-75
1.139617311446361e-75
3.8183782887208936e-74
2.0435400043059556e-73
6.558248652852357e-73
1.5511759838414416e-72
2.834696143237961e-72
3.8750675059925575e-72
3.3578525343118497e-72
7.573739462052574e-73
2.1513808788185318e-72
3.4032193748140707e-71
1.658053633901823e-70
5.2862503577740094e-70
1.2891891303912643e-69
2.501035700515109e-69
3.77302168019406e-69
3.9401197381765634e-69
1.745517402498556e-69
3.99187932930481e-70
2.1808407707856044e-68
1.3842638642895037e-67
5.254455329035455e-67
1.5090850157637183e-66
3.518858624775365e-66
6.746923116789711e-66
1.0296193819373703e-65
1.1120936819086143e-65
5.333980357291163e-66
8.950410574388119e-67
6.479626969460905e-65
4.513798207829816e-64
1.881525074668959e-63
6.020333349228309e-63
1.601514339426654e-62
3.6390210825737634e-62
7.04682456995923e-62
1.12388613474427e-61
1.3352644632310915e-61
8.32944197575921e-62
2.1489553639579108e-64
5.519228044769134e-61
4.877017703371111e-60
2.378930844249331e-59
8.853557690212448e-59
2.78119716354308e-58
7.691573501284431e-58
1.9063497925379167e-57
4.248679488604369e-57
8.430811214687128e-57
1.4467124170887758e-56
2.0010220811177118e-56
1.8268795075594837e-56
3.729526636906988e-57
2.446176524295375e-56
4.2629261885771425e-55
2.769592953328335e-54
1.2886682311433368e-53
5.030929879374801e-53
1.757130689265625e-52
5.6729369923365476e-52
1.7256323795638575e-51
5.0063986857508944e-51
1.396883308286951e-50
3.770964972994433e-50
9.893375038444711e-50
2.5312377723305295e-49
6.332892137488799e-49
1.5527775473730563e-48
3.7380288610522405e-48
8.848336404973316e-48
2.062173335712607e-47
4.737103356867107e-47
1.0735949471691791e-46
2.4025459502277586e-46
5.3128485594061834e-46
1.1616966667749724e-45
2.5131742136474814e-45
5.38203341439781e-45
1.141488725063568e-44
2.3987606323159577e-44
4.996483452589084e-44
1.0319582270802467e-43
2.114098302600768e-43
4.297221851937982e-43
8.669103217542654e-43
1.7362002845043876e-42
3.452806828047194e-42
6.820119952717217e-42
1.33829876172309e-41
2.609418463292918e-41
5.056464577521128e-41
9.739596861916565e-41
1.8650890359286826e-40
3.5513421387917827e-40
6.724901147054167e-40
1.2666085778651282e-39
2.3731304919527268e-39
4.423643585975775e-39
8.204873669969797e-39
1.5144271113422247e-38
2.782009947657296e-38
5.086859661043213e-38
9.259052199587359e-38
1.6778457672791009e-37
3.027244671821378e-37
5.43866843701598e-37
9.730277871051793e-37
1.7337323692312374e-36
3.076792430610709e-36
5.438855607928332e-36
9.577290934868374e-36
1.680099941553624e-35
2.9363998911277204e-35
5.113429166348252e-35
8.872675055563089e-35
1.5341562037549984e-34
2.64352697653932e-34
4.5396536014825434e-34
7.769826443777033e-34
1.3254813324543822e-33
2.2538911303506216e-33
3.8204269459326494e-33
6.455538365098143e-33
1.0874666606025284e-32
1.8263460020053552e-32
3.0581156567514335e-32
5.105614890770169e-32
8.499326661255625e-32
1.4108531600108246e-31
2.335382102722529e-31
3.855053911641494e-31
6.346238972004779e-31
1.0419154763418855e-30
1.7060622767282047e-30
2.786245711056544e-30
4.5385958782358924e-30
7.37422247925258e-30
1.195138584196043e-29
1.9321549377075167e-29
3.116027520968674e-29
5.013141385228297e-29
8.04602392555148e-29
1.2883339354992816e-28
2.0580887722549737e-28
3.2802034193701045e-28
5.216157309307321e-28
8.276100619302042e-28
1.3102003598339224e-27
2.06965511705448e-27
3.2622539668571366e-27
5.131071244835193e-27
8.053405343476104e-27
1.2613709835053025e-26
1.9715518067745434e-26
3.075287621486592e-26
4.78724204438194e-26
7.437326505479187e-26
1.1531602233296528e-25
1.7844860153639569e-25
2.756109712116907e-25
4.248627999518547e-25
6.5370016202394865e-25
1.0039100989019806e-24
1.538884069983681e-24
2.3546165201744247e-24
3.596216856342552e-24
5.482656226783901e-24
8.343793148878674e-24
1.267567764062685e-23
1.9223020328824572e-23
2.910196764618484e-23
4.398258488145628e-23
6.635964690466522e-23
9.995382909454881e-23
1.5030515316025128e-22
2.256494432841365e-22
3.382107495485555e-22
5.061042272775252e-22
7.561335440330751e-22
1.1278971176251113e-21
1.6798065379308124e-21
2.4978945619738154e-21
3.7086867348459185e-21
5.497984039876638e-21
8.138231561274111e-21
1.2028341019107313e-20
1.7751552085311704e-20
2.615938556693693e-20
3.849328463062474e-20
5.656061954653986e-20
8.298900333684452e-20
1.2159326297731294e-19
1.779042572048487e-19
2.5992990387960096e-19
3.792489334493623e-19
5.525807758609542e-19
8.040359193882473e-19
1.1683375306216307e-18
1.6954276309424578e-18
2.4570445091234852e-18
3.556103142032519e-18
5.1400564317105414e-18
7.419903033336165e-18
1.069719483578149e-17
1.5402364033325173e-17
2.214904833006215e-17
3.1810999624145876e-17
4.56308346280194e-17
6.537362894436859e-17
9.354359142083977e-17
1.3368936976539577e-16
1.9083374541459874e-16
2.720777037844599e-16
3.8744867749446595e-16
5.510903156060254e-16
7.829294165634396e-16
1.1110087963889812e-15
1.5747485269943866e-15
2.2294999953050837e-15
3.1528983653519238e-15
4.4537140653156655e-15
6.284173179952275e-15
8.857087963197327e-15
1.2469650266258692e-14
1.753644475169941e-14
2.4635206782053523e-14
3.457017943882665e-14
4.845974845499887e-14
6.785753455657885e-14
9.491954720225105e-14
1.3263468864436226e-13
1.8514230030290466e-13
2.581691862973487e-13
3.596304751650135e-13
5.004549338839092e-13
6.95717477188882e-13
9.661917157094033e-13
1.3404762921488936e-12
1.8579042927397837e-12
2.5725203562083284e-12
3.558512197777404e-12
4.917621501295456e-12
6.789246132552287e-12
9.364198366618314e-12
1.2903425108048816e-11
1.7763456528799343e-11
2.4430970213010146e-11
3.356969379938215e-11
4.608399391427824e-11
6.320501143483417e-11
8.660723452521694e-11
1.1856612735433717e-10
1.6217108865321727e-10
2.2161291325778724e-10
3.025714884206139e-10
4.1273822991599054e-10
5.625194889068801e-10
7.659828200876801e-10
1.042128897284678e-9
1.4165997227087434e-9
1.9239708916530753e-9
2.6108250809025196e-9
3.539869644285643e-9
4.795448536909898e-9
6.490914774261485e-9
8.778483539129909e-9
1.1862390118585781e-8
1.601644722546684e-8
2.1607454201228792e-8
2.912638411098386e-8
3.9229900667514785e-8
5.279558369276108e-8
7.09953330711869e-8
9.539286039843554e-8
1.280730743542849e-7
1.718136638661206e-7
2.303124705270505e-7
3.0848856477375376e-7
4.1288062116114373e-7
5.521736477793397e-7
7.378949134645083e-7
9.853327518935122e-7
1.3147487403809193e-6
1.7529757738660671e-6
2.3355233711815845e-6
3.1093492309108057e-6
4.136505290214584e-6
5.498930831652656e-6
7.3047490765457385e-6
9.696533100750847e-6
0.000012862149466533522
0.000017048973609095926
0.000022582512609207785
0.000029890785176124463
0.000039536217003660445
0.00005225734000773939
0.00006902327230903847
0.00009110484868457913
0.00012016742858374646
0.0001583919080823861
0.0002086324030931536
0.00027462158226775773
0.00036123787475095677
0.0004748529731173619
0.0006237834691027444
0.0008188774507812155
0.0010742759062236783
0.0014084003999710868
0.0018452334582452926
0.0024159773696097258
0.003161201900552367
0.004133623303191732
0.00540169795498116
0.007054266575530898
0.009206552482319157
0.012007903950512079
0.015651781762622243
0.02038863527194594
0.026542492431275433
0.03453232230637205
0.04489952667753971
0.05834329834966369
0.07576607053625967
0.09833190314070228
0.12754144476145474
0.16532812058041105
0.21418148534056083
0.2773053227249151
0.3588201631502354
0.46402255236357653
0.599716786638172
0.7746391309569156