1.
0.7227988547315266
0.5220376906329143
0.37674846781625915
0.2716843542377975
0.19576701375546646
0.14095302318649994
0.10140689615019188
0.07289823441767025
0.052362593427864104
0.03758184381242071
0.026951688441986765
0.019312699267129783
0.013827612945949136
0.009892289148229528
0.007071146557602976
0.005050384054142971
0.0036041143867531033
0.0025698653507504328
0.0018308714120294752
0.0013032838164008808
0.0009269404629401541
0.0006587101180274813
0.0004676968478549331
0.0003317875657087179
0.00023516855221271838
0.00016654046146957302
0.00011783642122261133
0.00008330219611389
0.000058836702991796174
0.00004151958469920985
0.00002927307008925063
0.0000206201550904047
0.000014511814836062431
0.000010203646808252885
7.167879822713422e-6
5.030664110394169e-6
3.527417881467412e-6
2.4710591619187833e-6
1.7294246602467036e-6
1.2092331206822116e-6
8.447066040911933e-7
5.895040289442752e-7
4.1100796417461203e-7
2.8628182963734085e-7
1.9921173082943758e-7
1.384876600875054e-7
9.617888341536349e-8
6.672956357642972e-8
4.625131957057243e-8
3.202540452588763e-8
2.215272264500377e-8
1.5308015565983993e-8
1.0567378460006464e-8
7.287347231061197e-9
5.02021974104322e-9
3.4548106515524164e-9
2.375041485991764e-9
1.6310253700009667e-9
1.1188964802413655e-9
7.667536504035408e-10
5.248746494949149e-10
3.589104966226762e-10
2.4515712688452193e-10
1.67273690638086e-10
1.1400723867848996e-10
7.761680690530819e-11
5.278305545535199e-11
3.585465164632749e-11
2.4327948999279413e-11
1.648812386096192e-11
1.1161934036465244e-11
7.547563953769255e-12
5.097648990384893e-12
3.4389465739514303e-12
2.3172338533814736e-12
1.5595516270980377e-12
1.0483627571044327e-12
7.038851286250983e-13
4.720269245912996e-13
3.161570623521845e-13
2.1149809127016931e-13
1.4131027362748157e-13
9.42976717868361e-14
6.284696841563652e-14
4.1833091800007196e-14
2.7810189731926577e-14
1.846427845934596e-14
1.2243374298732862e-14
8.107860260240076e-15
5.362207580372012e-15
3.5416780049295768e-15
2.3361375241625214e-15
1.538889217472079e-15
1.012352166056252e-15
6.650691727965089e-16
4.36323434435409e-16
2.8585928367478813e-16
1.870223748939821e-16
1.2218777127983043e-16
7.971685806130872e-17
5.193452228496089e-17
3.3786318267535283e-17
2.194823059299706e-17
1.423728475468058e-17
9.221867270960153e-18
5.964438464713446e-18
3.851892412463939e-18
2.4838619052434818e-18
1.5992789019817242e-18
1.0281562246472476e-18
6.599738884696939e-19
4.229817865309111e-19
2.706688641389189e-19
1.7293027147214126e-19
1.1030980708513515e-19
7.025250471703367e-20
4.4669203530409437e-20
2.8356155532898835e-20
1.797103887852637e-20
1.1370500171726767e-20
7.182245934495458e-21
4.529069292647078e-21
2.8511444733073388e-21
1.7917793520506205e-21
1.1240826687733777e-21
7.039692213931258e-22
4.400924880097018e-22
2.7463897228214695e-22
1.7108079172322263e-22
1.0637854648193864e-22
6.602574180961413e-23
4.0904545088062715e-23
2.5294224447449457e-23
1.561187444461994e-23
9.617558655649486e-24
5.913476146254388e-24
3.628950404504538e-24
2.2226507337907713e-24
1.3586422261583821e-24
8.288467350640781e-25
5.046264227102865e-25
3.066080959874628e-25
1.8591148143796733e-25
1.124938272919919e-25
6.792690430106747e-26
4.092947673764209e-26
2.460946768338327e-26
1.4764887516188673e-26
8.839140057193993e-27
5.279973010544773e-27
3.146913997158108e-27
1.8713671406667895e-27
1.1103076737681241e-27
6.572444846588022e-28
3.88149166249652e-28
2.286899443754241e-28
1.344189680915909e-28
7.88183348443782e-29
4.6103622432763103e-29
2.690119489345827e-29
1.5657563633925882e-29
9.090337098194976e-30
5.264120162632418e-30
3.0405218322040107e-30
1.751593027644835e-30
1.0063914815800037e-30
5.7668008139314336e-31
3.295508713308134e-31
1.878081380378572e-31
1.0673216978148534e-31
6.048524551031961e-32
3.417909362535223e-32
1.925803755965756e-32
1.0818994687559315e-32
6.059931916260066e-33
3.3840491744228366e-33
1.8839758449761896e-33
1.0455984258257004e-33
5.784770278191664e-34
3.1902085834654825e-34
1.7536520365593744e-34
9.608115227191546e-35
5.246647385331039e-35
2.8553036017797435e-35
1.5485550652974224e-35
8.369152618832373e-36
4.507052578208611e-36
2.4184390987204e-36
1.2929549758013599e-36
6.886695442986081e-37
3.6541826188215583e-37
1.9314936700527e-37
1.016929493964432e-37
5.332768950104892e-38
2.7851454750080465e-38
1.4485848023392868e-38
7.50252529166842e-39
3.869045879906224e-39
1.986539655109411e-39
1.015430643448836e-39
5.166830781313751e-40
2.6168504756487315e-40
1.3190838477245964e-40
6.616999799488903e-41
3.3029319574038287e-41
1.6403650942606431e-41
8.104650721434536e-42
3.9831736689620455e-42
1.9470235204939178e-42
9.464625894613054e-43
4.574741035829185e-43
2.198355405905478e-43
1.0501030479454718e-43
4.985392517087906e-44
2.3519454133646304e-44
1.1023981149511728e-44
5.132765780509142e-45
2.3734479426105118e-45
1.0897613556214585e-45
4.96716715799662e-46
2.2470232974846095e-46
1.0085939482483341e-46
4.490717067510972e-47
1.9827924402886074e-47
8.6788614474687e-48
3.764633650327914e-48
1.6176890057645018e-48
6.883403625826733e-49
2.8990418817718965e-49
1.2079171575589292e-49
4.976429261827603e-50
2.025992583688288e-50
8.145332275773005e-51
3.2315222546401464e-51
1.2640589768783564e-51
4.8704948282941345e-52
1.8464865195019804e-52
6.879098152779344e-53
2.5146512093541725e-53
9.003476381036993e-54
3.150603217681474e-54
1.074679823320399e-54
3.561433394181788e-55
1.1417658259996935e-55
3.5211030010747134e-56
1.0364537512428267e-56
2.879494481121485e-57
7.421648090590469e-58
1.7243344148227797e-58
3.4207097956699115e-59
5.112517539256886e-60
3.730821671422036e-61
4.2842920514765066e-63
7.865029814971614e-62
8.819082903791108e-62
5.895678697475117e-62
3.0727945883638646e-62
1.3605385643479827e-62
5.292197190101572e-63
1.826547228547748e-63
5.5562564101344675e-64
1.4505649892556217e-64
3.046035303147709e-65
4.3108066441635214e-66
1.7879809689730225e-67
6.621618692705213e-68
2.02773482857376e-67
1.833421924244613e-67
1.1047246776028495e-67
5.24616770650695e-68
2.070867773739364e-68
6.849490373031628e-69
1.8445558454825178e-69
3.6829845403009525e-70
3.959569451561815e-71
1.3417456479620674e-74
5.081771790923732e-72
7.243413620065269e-72
5.289545665757513e-72
2.790513827052732e-72
1.163305212357633e-72
3.881818523859946e-73
9.897586585581247e-74
1.6250414226599104e-74
7.187080685081033e-76
3.5348665598375225e-76
1.0927693083643962e-75
1.012568655375408e-75
6.060831179521456e-76
2.7250109762739583e-76
9.44493313512788e-77
2.3867900566052903e-77
3.4743614489056517e-78
4.865276833256583e-80
2.5838981578968284e-79
4.958014555521927e-79
4.046934079315356e-79
2.2259169680578794e-79
9.08712649230177e-80
2.7069679423247212e-80
5.010960428379118e-81
2.361006492768393e-82
1.401022588173232e-82
4.441736314817549e-82
4.225259959795652e-82
2.5254177360436822e-82
1.0830776740269359e-82
3.2864677191954565e-83
5.838950962513517e-84
1.7109546917764574e-85
3.285241125415365e-85
7.963398323195722e-85
7.091539931041223e-85
4.037550063852454e-85
1.6173984584635719e-85
4.292483547909659e-86
5.177104806004655e-87
4.1172513899591235e-89
1.7165947508893854e-87
2.3674630025973576e-87
1.7067459240369767e-87
8.251400292540931e-88
2.693052833614812e-88
4.784886895983048e-89
7.16422355934872e-91
5.088151531656873e-90
1.0559309238622579e-89
9.039960243908246e-90
4.916637353183581e-90
1.7844634633712796e-90
3.647054491687388e-91
1.1547966491574169e-92
2.6459270141314216e-92
6.787949938325064e-92
6.289782908482795e-92
3.584622062377085e-92
1.3352039438679958e-92
2.7058215775080958e-93
6.2228083385546e-95
2.711578242131053e-94
6.367644720674128e-94
5.766625377318868e-94
3.206633497191392e-94
1.132066136272028e-94
1.942328805710843e-95
1.5516088742807814e-98
4.679380421254307e-96
8.28562773223163e-96
6.744063099865942e-96
3.4153230983682446e-96
1.0393726277035235e-96
1.1358829508119209e-97
1.2245022186387317e-98
1.0795547558416278e-97
1.3789881114448652e-97
9.515222255686099e-98
4.078684556154128e-98
9.191979112961621e-99
2.0979282935400983e-100
1.1807503869000438e-99
2.8845655040141234e-99
2.7039809329131882e-99
1.5060240960764698e-99
4.916040010988984e-100
5.547483114508154e-101
7.570621730563824e-102
6.356101994262711e-101
8.284813586851037e-101
5.772549733794231e-101
2.4150005657255724e-101
4.719577996161228e-102
1.7269937481736924e-105
1.5060928848075206e-102
2.8439692371886365e-102
2.4208725828454138e-102
1.2197200058175125e-102
3.2215680466307624e-103
1.1436567436671137e-104
3.9223888130638153e-104
1.1280151477627289e-103
1.1481557454644136e-103
6.685641059055748e-104
2.140816318096425e-104
1.701320663301949e-105
1.1644041332108742e-105
5.308748394397958e-105
6.296610504636515e-105
4.0986624661458255e-105
1.492679425496514e-105
1.697763667069671e-106
4.228782029154803e-107
3.0310304341234356e-106
4.0516985037068284e-106
2.859673068935659e-106
1.1316049426708367e-106
1.53280258713842e-107
2.1129152358792213e-108
2.132319596816984e-107
3.084413306388891e-107
2.292014593067257e-107
9.492977458015033e-108
1.3688875383615719e-108
1.6401500733520462e-109
1.859876357828372e-108
2.785051992213594e-108
2.1178188631418132e-108
8.87666451268155e-109
1.2428125982176298e-109
2.0208503246790944e-110
2.0033642844501844e-109
2.9760075127878575e-109
2.254097431711274e-109
9.253866679292706e-110
1.1394965512538253e-110
3.568721007209093e-111
2.6322461401041696e-110
3.7407702100008903e-110
2.7519011788515673e-110
1.0694514934332201e-110
1.0092175830423124e-111
7.955704104464021e-112
4.1477628595328496e-111
5.484091602990139e-111
3.82688696102741e-111
1.3540843775721551e-111
7.597731516259152e-113
2.0601729187822862e-112
7.699105754662652e-112
9.283916761631461e-112
6.005327499035438e-112
1.8410082285236335e-112
2.9789310240119626e-114
5.953512482351998e-113
1.6559711741572118e-112
1.7955681374822873e-112
1.0507483203986037e-112
2.5963224557519992e-113
6.474664960140123e-116
1.8891957423831564e-113
4.0693882718554204e-113
3.9237068935767474e-113
2.0181731585281718e-113
3.552026872256746e-114
4.791256082850508e-115
6.546443707235347e-114
1.1291066367054739e-113
9.574750646350196e-114
4.163749914503817e-114
4.0031069649457595e-115
4.681261504581737e-115
2.4732791140695817e-114
3.501498430186999e-114
2.5752111382629157e-114
8.920549177193795e-115
1.8827748609828812e-116
3.283647875576572e-115
1.0182293611458662e-114
1.2023190171608443e-114
7.512748259869026e-115
1.8657572635028238e-115
3.321769579707778e-117
2.1106478950988224e-115
4.5644375016577085e-115
4.527726335781315e-115
2.325411075248695e-115
3.3002373383398217e-116
1.7183893672632433e-116
1.3515529217899027e-115
2.2242941332356698e-115
1.849419793490588e-115
7.373753412373597e-116
2.8862869328460615e-117
2.428792698195446e-116
8.951216001147303e-116
1.1748692563004636e-115
8.075585107516565e-116
2.241561281339475e-116
2.4323427443952114e-118
2.630155499065586e-116
6.248451077203282e-116
6.694226299738014e-116
3.688646888404893e-116
5.555015463385601e-117
3.2106473703242266e-117
2.656740184903924e-116
4.6419875335611044e-116
4.083445381625495e-116
1.6982186445182918e-116
5.7032728263726466e-118
7.18634606542235e-117
2.690228061093412e-116
3.685330277424394e-116
2.634291696570376e-116
7.309630137005461e-117
2.1561083765524165e-118
1.173325008382671e-116
2.823957581354985e-116
3.1268200596304493e-116
1.760541897874206e-116
2.4089265425866624e-117
2.4089265425866624e-117
1.760541897874206e-116
3.1268200596304493e-116
2.823957581354985e-116
1.173325008382671e-116
2.1561083765524165e-118
7.309630137005461e-117
2.634291696570376e-116
3.685330277424394e-116
2.690228061093412e-116
7.18634606542235e-117
5.7032728263726466e-118
1.6982186445182918e-116
4.083445381625495e-116
4.6419875335611044e-116
2.656740184903924e-116
3.2106473703242266e-117
5.555015463385601e-117
3.688646888404893e-116
6.694226299738014e-116
6.248451077203282e-116
2.630155499065586e-116
2.4323427443952114e-118
2.241561281339475e-116
8.075585107516565e-116
1.1748692563004636e-115
8.951216001147303e-116
2.428792698195446e-116
2.8862869328460615e-117
7.373753412373597e-116
1.849419793490588e-115
2.2242941332356698e-115
1.3515529217899027e-115
1.7183893672632433e-116
3.3002373383398217e-116
2.325411075248695e-115
4.527726335781315e-115
4.5644375016577085e-115
2.1106478950988224e-115
3.321769579707778e-117
1.8657572635028238e-115
7.512748259869026e-115
1.2023190171608443e-114
1.0182293611458662e-114
3.283647875576572e-115
1.8827748609828812e-116
8.920549177193795e-115
2.5752111382629157e-114
3.501498430186999e-114
2.4732791140695817e-114
4.681261504581737e-115
4.0031069649457595e-115
4.163749914503817e-114
9.574750646350196e-114
1.1291066367054739e-113
6.546443707235347e-114
4.791256082850508e-115
3.552026872256746e-114
2.0181731585281718e-113
3.9237068935767474e-113
4.0693882718554204e-113
1.8891957423831564e-113
6.474664960140123e-116
2.5963224557519992e-113
1.0507483203986037e-112
1.7955681374822873e-112
1.6559711741572118e-112
5.953512482351998e-113
2.9789310240119626e-114
1.8410082285236335e-112
6.005327499035438e-112
9.283916761631461e-112
7.699105754662652e-112
2.0601729187822862e-112
7.597731516259152e-113
1.3540843775721551e-111
3.82688696102741e-111
5.484091602990139e-111
4.1477628595328496e-111
7.955704104464021e-112
1.0092175830423124e-111
1.0694514934332201e-110
2.7519011788515673e-110
3.7407702100008903e-110
2.6322461401041696e-110
3.568721007209093e-111
1.1394965512538253e-110
9.253866679292706e-110
2.254097431711274e-109
2.9760075127878575e-109
2.0033642844501844e-109
2.0208503246790944e-110
1.2428125982176298e-109
8.87666451268155e-109
2.1178188631418132e-108
2.785051992213594e-108
1.859876357828372e-108
1.6401500733520462e-109
1.3688875383615719e-108
9.492977458015033e-108
2.292014593067257e-107
3.084413306388891e-107
2.132319596816984e-107
2.1129152358792213e-108
1.53280258713842e-107
1.1316049426708367e-106
2.859673068935659e-106
4.0516985037068284e-106
3.0310304341234356e-106
4.228782029154803e-107
1.697763667069671e-106
1.492679425496514e-105
4.0986624661458255e-105
6.296610504636515e-105
5.308748394397958e-105
1.1644041332108742e-105
1.701320663301949e-105
2.140816318096425e-104
6.685641059055748e-104
1.1481557454644136e-103
1.1280151477627289e-103
3.9223888130638153e-104
1.1436567436671137e-104
3.2215680466307624e-103
1.2197200058175125e-102
2.4208725828454138e-102
2.8439692371886365e-102
1.5060928848075206e-102
1.7269937481736924e-105
4.719577996161228e-102
2.4150005657255724e-101
5.772549733794231e-101
8.284813586851037e-101
6.356101994262711e-101
7.570621730563824e-102
5.547483114508154e-101
4.916040010988984e-100
1.5060240960764698e-99
2.7039809329131882e-99
2.8845655040141234e-99
1.1807503869000438e-99
2.0979282935400983e-100
9.191979112961621e-99
4.078684556154128e-98
9.515222255686099e-98
1.3789881114448652e-97
1.0795547558416278e-97
1.2245022186387317e-98
1.1358829508119209e-97
1.0393726277035235e-96
3.4153230983682446e-96
6.744063099865942e-96
8.28562773223163e-96
4.679380421254307e-96
1.5516088742807814e-98
1.942328805710843e-95
1.132066136272028e-94
3.206633497191392e-94
5.766625377318868e-94
6.367644720674128e-94
2.711578242131053e-94
6.2228083385546e-95
2.7058215775080958e-93
1.3352039438679958e-92
3.584622062377085e-92
6.289782908482795e-92
6.787949938325064e-92
2.6459270141314216e-92
1.1547966491574169e-92
3.647054491687388e-91
1.7844634633712796e-90
4.916637353183581e-90
9.039960243908246e-90
1.0559309238622579e-89
5.088151531656873e-90
7.16422355934872e-91
4.784886895983048e-89
2.693052833614812e-88
8.251400292540931e-88
1.7067459240369767e-87
2.3674630025973576e-87
1.7165947508893854e-87
4.1172513899591235e-89
5.177104806004655e-87
4.292483547909659e-86
1.6173984584635719e-85
4.037550063852454e-85
7.091539931041223e-85
7.963398323195722e-85
3.285241125415365e-85
1.7109546917764574e-85
5.838950962513517e-84
3.2864677191954565e-83
1.0830776740269359e-82
2.5254177360436822e-82
4.225259959795652e-82
4.441736314817549e-82
1.401022588173232e-82
2.361006492768393e-82
5.010960428379118e-81
2.7069679423247212e-80
9.08712649230177e-80
2.2259169680578794e-79
4.046934079315356e-79
4.958014555521927e-79
2.5838981578968284e-79
4.865276833256583e-80
3.4743614489056517e-78
2.3867900566052903e-77
9.44493313512788e-77
2.7250109762739583e-76
6.060831179521456e-76
1.012568655375408e-75
1.0927693083643962e-75
3.5348665598375225e-76
7.187080685081033e-76
1.6250414226599104e-74
9.897586585581247e-74
3.881818523859946e-73
1.163305212357633e-72
2.790513827052732e-72
5.289545665757513e-72
7.243413620065269e-72
5.081771790923732e-72
1.3417456479620674e-74
3.959569451561815e-71
3.6829845403009525e-70
1.8445558454825178e-69
6.849490373031628e-69
2.070867773739364e-68
5.24616770650695e-68
1.1047246776028495e-67
1.833421924244613e-67
2.02773482857376e-67
6.621618692705213e-68
1.7879809689730225e-67
4.3108066441635214e-66
3.046035303147709e-65
1.4505649892556217e-64
5.5562564101344675e-64
1.826547228547748e-63
5.292197190101572e-63
1.3605385643479827e-62
3.0727945883638646e-62
5.895678697475117e-62
8.819082903791108e-62
7.865029814971614e-62
4.2842920514765066e-63
3.730821671422036e-61
5.112517539256886e-60
3.4207097956699115e-59
1.7243344148227797e-58
7.421648090590469e-58
2.879494481121485e-57
1.0364537512428267e-56
3.5211030010747134e-56
1.1417658259996935e-55
3.561433394181788e-55
1.074679823320399e-54
3.150603217681474e-54
9.003476381036993e-54
2.5146512093541725e-53
6.879098152779344e-53
1.8464865195019804e-52
4.8704948282941345e-52
1.2640589768783564e-51
3.2315222546401464e-51
8.145332275773005e-51
2.025992583688288e-50
4.976429261827603e-50
1.2079171575589292e-49
2.8990418817718965e-49
6.883403625826733e-49
1.6176890057645018e-48
3.764633650327914e-48
8.6788614474687e-48
1.9827924402886074e-47
4.490717067510972e-47
1.0085939482483341e-46
2.2470232974846095e-46
4.96716715799662e-46
1.0897613556214585e-45
2.3734479426105118e-45
5.132765780509142e-45
1.1023981149511728e-44
2.3519454133646304e-44
4.985392517087906e-44
1.0501030479454718e-43
2.198355405905478e-43
4.574741035829185e-43
9.464625894613054e-43
1.9470235204939178e-42
3.9831736689620455e-42
8.104650721434536e-42
1.6403650942606431e-41
3.3029319574038287e-41
6.616999799488903e-41
1.3190838477245964e-40
2.6168504756487315e-40
5.166830781313751e-40
1.015430643448836e-39
1.986539655109411e-39
3.869045879906224e-39
7.50252529166842e-39
1.4485848023392868e-38
2.7851454750080465e-38
5.332768950104892e-38
1.016929493964432e-37
1.9314936700527e-37
3.6541826188215583e-37
6.886695442986081e-37
1.2929549758013599e-36
2.4184390987204e-36
4.507052578208611e-36
8.369152618832373e-36
1.5485550652974224e-35
2.8553036017797435e-35
5.246647385331039e-35
9.608115227191546e-35
1.7536520365593744e-34
3.1902085834654825e-34
5.784770278191664e-34
1.0455984258257004e-33
1.8839758449761896e-33
3.3840491744228366e-33
6.059931916260066e-33
1.0818994687559315e-32
1.925803755965756e-32
3.417909362535223e-32
6.048524551031961e-32
1.0673216978148534e-31
1.878081380378572e-31
3.295508713308134e-31
5.7668008139314336e-31
1.0063914815800037e-30
1.751593027644835e-30
3.0405218322040107e-30
5.264120162632418e-30
9.090337098194976e-30
1.5657563633925882e-29
2.690119489345827e-29
4.6103622432763103e-29
7.88183348443782e-29
1.344189680915909e-28
2.286899443754241e-28
3.88149166249652e-28
6.572444846588022e-28
1.1103076737681241e-27
1.8713671406667895e-27
3.146913997158108e-27
5.279973010544773e-27
8.839140057193993e-27
1.4764887516188673e-26
2.460946768338327e-26
4.092947673764209e-26
6.792690430106747e-26
1.124938272919919e-25
1.8591148143796733e-25
3.066080959874628e-25
5.046264227102865e-25
8.288467350640781e-25
1.3586422261583821e-24
2.2226507337907713e-24
3.628950404504538e-24
5.913476146254388e-24
9.617558655649486e-24
1.561187444461994e-23
2.5294224447449457e-23
4.0904545088062715e-23
6.602574180961413e-23
1.0637854648193864e-22
1.7108079172322263e-22
2.7463897228214695e-22
4.400924880097018e-22
7.039692213931258e-22
1.1240826687733777e-21
1.7917793520506205e-21
2.8511444733073388e-21
4.529069292647078e-21
7.182245934495458e-21
1.1370500171726767e-20
1.797103887852637e-20
2.8356155532898835e-20
4.4669203530409437e-20
7.025250471703367e-20
1.1030980708513515e-19
1.7293027147214126e-19
2.706688641389189e-19
4.229817865309111e-19
6.599738884696939e-19
1.0281562246472476e-18
1.5992789019817242e-18
2.4838619052434818e-18
3.851892412463939e-18
5.964438464713446e-18
9.221867270960153e-18
1.423728475468058e-17
2.194823059299706e-17
3.3786318267535283e-17
5.193452228496089e-17
7.971685806130872e-17
1.2218777127983043e-16
1.870223748939821e-16
2.8585928367478813e-16
4.36323434435409e-16
6.650691727965089e-16
1.012352166056252e-15
1.538889217472079e-15
2.3361375241625214e-15
3.5416780049295768e-15
5.362207580372012e-15
8.107860260240076e-15
1.2243374298732862e-14
1.846427845934596e-14
2.7810189731926577e-14
4.1833091800007196e-14
6.284696841563652e-14
9.42976717868361e-14
1.4131027362748157e-13
2.1149809127016931e-13
3.161570623521845e-13
4.720269245912996e-13
7.038851286250983e-13
1.0483627571044327e-12
1.5595516270980377e-12
2.3172338533814736e-12
3.4389465739514303e-12
5.097648990384893e-12
7.547563953769255e-12
1.1161934036465244e-11
1.648812386096192e-11
2.4327948999279413e-11
3.585465164632749e-11
5.278305545535199e-11
7.761680690530819e-11
1.1400723867848996e-10
1.67273690638086e-10
2.4515712688452193e-10
3.589104966226762e-10
5.248746494949149e-10
7.667536504035408e-10
1.1188964802413655e-9
1.6310253700009667e-9
2.375041485991764e-9
3.4548106515524164e-9
5.02021974104322e-9
7.287347231061197e-9
1.0567378460006464e-8
1.5308015565983993e-8
2.215272264500377e-8
3.202540452588763e-8
4.625131957057243e-8
6.672956357642972e-8
9.617888341536349e-8
1.384876600875054e-7
1.9921173082943758e-7
2.8628182963734085e-7
4.1100796417461203e-7
5.895040289442752e-7
8.447066040911933e-7
1.2092331206822116e-6
1.7294246602467036e-6
2.4710591619187833e-6
3.527417881467412e-6
5.030664110394169e-6
7.167879822713422e-6
0.000010203646808252885
0.000014511814836062431
0.0000206201550904047
0.00002927307008925063
0.00004151958469920985
0.000058836702991796174
0.00008330219611389
0.00011783642122261133
0.00016654046146957302
0.00023516855221271838
0.0003317875657087179
0.0004676968478549331
0.0006587101180274813
0.0009269404629401541
0.0013032838164008808
0.0018308714120294752
0.0025698653507504328
0.0036041143867531033
0.005050384054142971
0.007071146557602976
0.009892289148229528
0.013827612945949136
0.019312699267129783
0.026951688441986765
0.03758184381242071
0.052362593427864104
0.07289823441767025
0.10140689615019188
0.14095302318649994
0.19576701375546646
0.2716843542377975
0.37674846781625915
0.5220376906329143
0.7227988547315266