1.
0.9025996774554806
0.8145103783624299
0.7348588681644772
0.6628522229468216
0.5977705896110693
0.5389605854776075
0.485829282012455
0.43783872205696495
0.39450092423251476
0.3553733321298217
0.32005466950265116
0.28818116599505744
0.2594231209644066
0.23348177574182494
0.21008646721814742
0.1889920379759941
0.1699764803248451
0.15283879355206945
0.13739703549364018
0.12348655116740377
0.1109583627118104
0.09967770624550373
0.08952270251870958
0.08038314937570021
0.0721594250976924
0.06476149265558398
0.058107995779489795
0.05212543855403834
0.04674744098119048
0.0419140636217821
0.037571195038429046
0.033669996320777475
0.03016639748384573
0.027020640995515384
0.024196868113880478
0.021662744102628893
0.019389118746091522
0.017349718907971663
0.015520870171731238
0.01388124486861085
0.012411634043538948
0.011094741131795057
0.009914995322111961
0.008858382766652344
0.007912293966550563
0.00706538581490992
0.006307456918607278
0.005629334947184665
0.0050227748726029585
0.004480367068702718
0.003995454334781779
0.00356205699459925
0.003174805301119093
0.0028288784491151513
0.0025199495630139506
0.002244136086636803
0.0019979550553525503
0.0017782827800539786
0.0015823185167690886
0.0014075517360184818
0.0012517326426020896
0.001112845629679436
0.0009890853811050924
0.0008788353632751106
0.0007806484724863204
0.0006932296262410181
0.000615420107256648
0.000546183487356403
0.0004845929750979539
0.0004298200461035123
0.0003811242287306627
0.00033784393010214124
0.0002993881987143817
0.00026522932997862647
0.0002348962302142239
0.00020796846290183665
0.00018407090849686443
0.00016286897587508803
0.0001440643096012061
0.00012739094273812372
0.00011261184990648518
0.0000995158598107544
0.00008791489051618781
0.00007764147443207967
0.00006854654326858008
0.00006049744622153887
0.00005337617733335643
0.00004707779040594865
0.00004150898203022678
0.000036586825268120516
0.000032237638299109575
0.000028395973942468763
0.000025003717406165297
0.00002200928090913079
0.0000193668849895389
0.000017035917360481156
0.000014980361117558508
0.000013168284950799244
0.00001157138877537813
0.00001016459888034304
8.925707309627523e-6
7.835050741970948e-6
6.87522463223739e-6
6.030828821667381e-6
5.288241223906787e-6
4.635416551830489e-6
4.061707371359153e-6
3.557705056391437e-6
3.1150984770088425e-6
2.7265484842904105e-6
2.3855764621324552e-6
2.086465401866119e-6
1.824172121418348e-6
1.5942493992643307e-6
1.392776926265946e-6
1.216300097295317e-6
1.0617757707567057e-6
9.265242190484501e-7
8.081865778221378e-7
7.046871776522802e-7
6.142002093727065e-7
5.351202347154193e-7
4.6603610776647696e-7
4.0570792081601595e-7
3.5304663103983465e-7
3.070960626586646e-7
2.670170132720671e-7
2.320732233992857e-7
2.016189952758182e-7
1.750882710070617e-7
1.5198500158710185e-7
1.3187465733620816e-7
1.1437674724955518e-7
9.915822980998488e-8
8.592771120300992e-8
7.443033876490665e-8
6.44433080574554e-8
5.577191134110344e-8
4.824606354195244e-8
4.171724919298445e-8
3.605584037984886e-8
3.114874152869114e-8
2.6897322020284327e-8
2.3215602174567753e-8
2.0028662188065996e-8
1.727124718187634e-8
1.4886544681925295e-8
1.2825113652256416e-8
1.104394667739098e-8
9.505649077929564e-9
8.177720677114805e-9
7.031927644019985e-9
6.043753347109403e-9
5.1919184830078e-9
4.457961919732598e-9
3.825874729419469e-9
3.281780798715571e-9
2.813658209725541e-9
2.4110962932659683e-9
2.0650838803781125e-9
1.767824827458463e-9
1.5125773737553072e-9
1.2935143151059245e-9
1.1056013515213156e-9
9.444912946400608e-10
8.06432109544268e-10
6.88187018710021e-10
5.869651181511113e-10
5.003611508173967e-10
4.2630325330314417e-10
3.6300764179720084e-10
3.0893933451648264e-10
2.627781228566606e-10
2.233891041522053e-10
1.8979717700967496e-10
1.6116497720260966e-10
1.3677379944891339e-10
1.1600710922493303e-10
9.833630015386713e-11
8.330839736231542e-11
7.053544633867641e-11
5.968536096319356e-11
5.0474034137410594e-11
4.265854036982899e-11
3.603128225651946e-11
3.0414952452913274e-11
2.5658199836416675e-11
2.163190343342093e-11
1.822597061297113e-11
1.5346587281632185e-11
1.2913857567664821e-11
1.0859778947896501e-11
9.126506114079202e-12
7.664863242484942e-12
6.433069847993556e-12
5.395650182823011e-12
4.522500277049416e-12
3.788090297491895e-12
3.1707829968980215e-12
2.6522517006876483e-12
2.2169835895473994e-12
1.851856031431953e-12
1.545775438222361e-12
1.2893696071037184e-12
1.074725786532621e-12
8.951678091537631e-13
7.450665832246308e-13
6.196790508642446e-13
5.150114238316162e-13
4.2770311122588106e-13
3.5492827204968535e-13
2.9431237073425704e-13
2.4386149564894737e-13
2.0190252809526858e-13
1.6703252990768556e-13
1.3807595810793595e-13
1.1404852074663945e-13
9.412666399844822e-14
7.762183096507952e-14
6.395876111203116e-14
5.265720894373995e-14
4.331655409719528e-14
3.560285481829411e-14
2.923796476655639e-14
2.399039098010383e-14
1.9667620090342016e-14
1.610968176268222e-14
1.3183753934680684e-14
1.0779644650596043e-14
8.806010943231134e-15
7.187196967551053e-15
5.860592025405677e-15
4.774424731984203e-15
3.885922785397499e-15
3.1597789720772305e-15
2.5668734804682473e-15
2.0832105662811997e-15
1.6890343379693081e-15
1.3680941014282096e-15
1.1070344800871923e-15
8.948895481752303e-16
7.226635978912002e-16
5.8298400469328075e-16
4.698140430916397e-16
3.7821550949494475e-16
3.0415268922006183e-16
2.4433061283494547e-16
1.9606172578579215e-16
1.5715608127893938e-16
1.2583099047793344e-16
1.0063675224796978e-16
8.039565886032835e-17
6.41519527274148e-17
5.1130807918332544e-17
4.070474197677552e-17
3.2366139410358035e-17
2.5704797363832386e-17
2.038959416244413e-17
1.6153539098290612e-17
1.2781592460258047e-17
1.0100752918557787e-17
7.971998764552722e-18
6.283743346230558e-18
4.94652597514383e-18
3.888709817639109e-18
3.0529996589258937e-18
2.393626471778817e-18
1.874073703391617e-18
1.4652431697276927e-18
1.143977292557975e-18
8.91869856342737e-19
6.94310101515813e-19
5.397153050481613e-19
4.189154395640986e-19
3.2466038823106985e-19
2.512258041377762e-19
1.9409827061311503e-19
1.4972413279792727e-19
1.1530938687745653e-19
8.866045993030835e-20
6.805769553655231e-20
5.215496431223367e-20
3.9900114958828966e-20
3.0472027925031216e-20
2.323087749002191e-20
1.767888742554001e-20
1.3429411692858367e-20
1.0182610363427181e-20
7.706342831178092e-21
5.821182224873277e-21
4.3886803634337495e-21
3.3021926653351204e-21
2.479716052733412e-21
1.8583072926846388e-21
1.389740207815591e-21
1.0371324521387584e-21
7.7232985316606175e-22
5.7388169660342865e-22
4.254762033835161e-22
3.1473376613407786e-22
2.3227782961344966e-22
1.7102086018779975e-22
1.2561664444401946e-22
9.204097600003114e-23
6.727126022289911e-23
4.904218724555481e-23
3.56597893966065e-23
2.5860222522310478e-23
1.8702738659964662e-23
1.348874492160087e-23
9.700723660184154e-24
6.956242597443747e-24
4.9734052126421285e-24
3.544955441719514e-24
2.5189145678194236e-24
1.7841373258164484e-24
1.2595639279460585e-24
8.862423387559008e-25
6.214219428228836e-25
4.341922210457634e-25
3.022709050366686e-25
2.09645128440551e-25
1.4484389279528742e-25
9.967651548001843e-26
6.83140745568678e-26
4.6622609662414276e-26
3.168057327046472e-26
2.143072680081877e-26
1.44298402342299e-26
9.669317612429438e-27
6.4470920402933516e-27
4.276459213980152e-27
2.821434174758168e-27
1.851086373352731e-27
1.2074057075797898e-27
7.827801273844565e-28
5.042747264163413e-28
3.227049192179221e-28
2.050750809524902e-28
1.2936986267347432e-28
8.098305859566419e-29
5.028116347681177e-29
3.094952535939152e-29
1.8875652204217732e-29
1.1399360994125724e-29
6.812151811258596e-30
4.0249807680860486e-30
2.34917364849971e-30
1.3529041525070779e-30
7.6782722057768655e-31
4.287853862132331e-31
2.3517458227267823e-31
1.2639219022772726e-31
6.637092621780835e-32
3.392737205190356e-32
1.679958058669361e-32
8.003610734700781e-33
3.6332951082607395e-33
1.5486366628696e-33
6.050088471199712e-34
2.073085857620495e-34
5.6638268416391e-35
9.286890438571495e-36
6.928088833094054e-38
1.813307540414802e-36
4.680063349383484e-36
6.066112962677008e-36
5.9615683559923816e-36
5.000086186022188e-36
3.7598261430539936e-36
2.5957840415853793e-36
1.6646141751560753e-36
9.95752288561057e-37
5.548187120369049e-37
2.858091870677677e-37
1.3397691767772374e-37
5.540735016446131e-38
1.8947608458791193e-38
4.5354375365309214e-39
3.659249007324954e-40
1.4131947381118227e-40
8.981197359641829e-40
1.4969884962167745e-39
1.677370456505754e-39
1.5240840365248617e-39
1.2019479621229062e-39
8.471305287264119e-40
5.3954613984363e-40
3.102471593253987e-40
1.5894207589298835e-40
7.024289857161849e-41
2.4866358722095274e-41
5.7291644070505667e-42
2.7228989390968597e-43
5.403715793261272e-43
2.228749691218153e-42
3.477838963453041e-42
3.820296987032947e-42
3.427490262874184e-42
2.6535671863903946e-42
1.8099736006646998e-42
1.0892134196991346e-42
5.686399286755771e-43
2.4595473225279103e-43
7.827815088161927e-44
1.1990942824952725e-44
2.500732520899933e-46
1.0055892393962986e-44
2.2463863559925723e-44
2.9392103422419875e-44
2.953564721595473e-44
2.482558142325948e-44
1.800138918019769e-44
1.1304487347171336e-44
6.025629875765881e-45
2.5685868610833776e-45
7.395921474901423e-46
6.568741275938819e-47
3.9311314639630894e-47
2.58313326423695e-46
4.738408151381522e-46
5.7694784584324156e-46
5.561153290918744e-46
4.502252159564603e-46
3.1120021299219357e-46
1.81407388587513e-46
8.475802833582679e-47
2.739682509808981e-47
3.2811364064484157e-48
8.332613459540075e-49
8.312232423443597e-48
1.6963669328090399e-47
2.203096405031101e-47
2.2258734539005497e-47
1.8659405775508851e-47
1.3187508392034867e-47
7.721374380546281e-48
3.5028387597410817e-48
9.99390129863757e-49
5.283882024779556e-50
1.553519224903315e-49
7.22612661827978e-49
1.2864520247128037e-48
1.5822850427434164e-48
1.545808750895176e-48
1.2535696014086126e-48
8.449961841917048e-49
4.5495642648064655e-49
1.7241454210578876e-49
2.7802146884889166e-50
2.6291679368384278e-51
5.076301002485012e-50
1.2108703069099579e-49
1.7433347234352777e-49
1.909745750490911e-49
1.7068155592505558e-49
1.261665085408918e-49
7.498717850814426e-50
3.239075462789588e-50
7.035483045315196e-51
3.1032988376433894e-53
6.624691706510835e-51
1.926477013663956e-50
3.071677868114197e-50
3.625641032665817e-50
3.450470179619584e-50
2.6996673060589174e-50
1.6936824089458554e-50
7.729824706798786e-51
1.8001377203248348e-51
3.349648600883045e-54
1.6793012377600125e-51
5.1870846316728534e-51
8.64727288714775e-51
1.0610588890825356e-50
1.0453298418708173e-50
8.425558151963121e-51
5.40284382120008e-51
2.475368100283695e-51
5.3766427344882174e-52
1.2340349988152554e-53
7.766551704524363e-52
2.2843124863004903e-51
3.8129621584573744e-51
4.737292586624498e-51
4.733215131682942e-51
3.853673403580425e-51
2.4661931328968013e-51
1.0890145893818606e-51
1.921152682989976e-52
3.4220933069909797e-53
5.8805772264902475e-52
1.5719152465372105e-51
2.5683940544295544e-51
3.183216091129108e-51
3.1865444856640526e-51
2.5886015125310665e-51
1.626280000687424e-51
6.689705269411895e-52
7.933618348385389e-53
7.933618348385389e-53
6.689705269411895e-52
1.626280000687424e-51
2.5886015125310665e-51
3.1865444856640526e-51
3.183216091129108e-51
2.5683940544295544e-51
1.5719152465372105e-51
5.8805772264902475e-52
3.4220933069909797e-53
1.921152682989976e-52
1.0890145893818606e-51
2.4661931328968013e-51
3.853673403580425e-51
4.733215131682942e-51
4.737292586624498e-51
3.8129621584573744e-51
2.2843124863004903e-51
7.766551704524363e-52
1.2340349988152554e-53
5.3766427344882174e-52
2.475368100283695e-51
5.40284382120008e-51
8.425558151963121e-51
1.0453298418708173e-50
1.0610588890825356e-50
8.64727288714775e-51
5.1870846316728534e-51
1.6793012377600125e-51
3.349648600883045e-54
1.8001377203248348e-51
7.729824706798786e-51
1.6936824089458554e-50
2.6996673060589174e-50
3.450470179619584e-50
3.625641032665817e-50
3.071677868114197e-50
1.926477013663956e-50
6.624691706510835e-51
3.1032988376433894e-53
7.035483045315196e-51
3.239075462789588e-50
7.498717850814426e-50
1.261665085408918e-49
1.7068155592505558e-49
1.909745750490911e-49
1.7433347234352777e-49
1.2108703069099579e-49
5.076301002485012e-50
2.6291679368384278e-51
2.7802146884889166e-50
1.7241454210578876e-49
4.5495642648064655e-49
8.449961841917048e-49
1.2535696014086126e-48
1.545808750895176e-48
1.5822850427434164e-48
1.2864520247128037e-48
7.22612661827978e-49
1.553519224903315e-49
5.283882024779556e-50
9.99390129863757e-49
3.5028387597410817e-48
7.721374380546281e-48
1.3187508392034867e-47
1.8659405775508851e-47
2.2258734539005497e-47
2.203096405031101e-47
1.6963669328090399e-47
8.312232423443597e-48
8.332613459540075e-49
3.2811364064484157e-48
2.739682509808981e-47
8.475802833582679e-47
1.81407388587513e-46
3.1120021299219357e-46
4.502252159564603e-46
5.561153290918744e-46
5.7694784584324156e-46
4.738408151381522e-46
2.58313326423695e-46
3.9311314639630894e-47
6.568741275938819e-47
7.395921474901423e-46
2.5685868610833776e-45
6.025629875765881e-45
1.1304487347171336e-44
1.800138918019769e-44
2.482558142325948e-44
2.953564721595473e-44
2.9392103422419875e-44
2.2463863559925723e-44
1.0055892393962986e-44
2.500732520899933e-46
1.1990942824952725e-44
7.827815088161927e-44
2.4595473225279103e-43
5.686399286755771e-43
1.0892134196991346e-42
1.8099736006646998e-42
2.6535671863903946e-42
3.427490262874184e-42
3.820296987032947e-42
3.477838963453041e-42
2.228749691218153e-42
5.403715793261272e-43
2.7228989390968597e-43
5.7291644070505667e-42
2.4866358722095274e-41
7.024289857161849e-41
1.5894207589298835e-40
3.102471593253987e-40
5.3954613984363e-40
8.471305287264119e-40
1.2019479621229062e-39
1.5240840365248617e-39
1.677370456505754e-39
1.4969884962167745e-39
8.981197359641829e-40
1.4131947381118227e-40
3.659249007324954e-40
4.5354375365309214e-39
1.8947608458791193e-38
5.540735016446131e-38
1.3397691767772374e-37
2.858091870677677e-37
5.548187120369049e-37
9.95752288561057e-37
1.6646141751560753e-36
2.5957840415853793e-36
3.7598261430539936e-36
5.000086186022188e-36
5.9615683559923816e-36
6.066112962677008e-36
4.680063349383484e-36
1.813307540414802e-36
6.928088833094054e-38
9.286890438571495e-36
5.6638268416391e-35
2.073085857620495e-34
6.050088471199712e-34
1.5486366628696e-33
3.6332951082607395e-33
8.003610734700781e-33
1.679958058669361e-32
3.392737205190356e-32
6.637092621780835e-32
1.2639219022772726e-31
2.3517458227267823e-31
4.287853862132331e-31
7.6782722057768655e-31
1.3529041525070779e-30
2.34917364849971e-30
4.0249807680860486e-30
6.812151811258596e-30
1.1399360994125724e-29
1.8875652204217732e-29
3.094952535939152e-29
5.028116347681177e-29
8.098305859566419e-29
1.2936986267347432e-28
2.050750809524902e-28
3.227049192179221e-28
5.042747264163413e-28
7.827801273844565e-28
1.2074057075797898e-27
1.851086373352731e-27
2.821434174758168e-27
4.276459213980152e-27
6.4470920402933516e-27
9.669317612429438e-27
1.44298402342299e-26
2.143072680081877e-26
3.168057327046472e-26
4.6622609662414276e-26
6.83140745568678e-26
9.967651548001843e-26
1.4484389279528742e-25
2.09645128440551e-25
3.022709050366686e-25
4.341922210457634e-25
6.214219428228836e-25
8.862423387559008e-25
1.2595639279460585e-24
1.7841373258164484e-24
2.5189145678194236e-24
3.544955441719514e-24
4.9734052126421285e-24
6.956242597443747e-24
9.700723660184154e-24
1.348874492160087e-23
1.8702738659964662e-23
2.5860222522310478e-23
3.56597893966065e-23
4.904218724555481e-23
6.727126022289911e-23
9.204097600003114e-23
1.2561664444401946e-22
1.7102086018779975e-22
2.3227782961344966e-22
3.1473376613407786e-22
4.254762033835161e-22
5.7388169660342865e-22
7.7232985316606175e-22
1.0371324521387584e-21
1.389740207815591e-21
1.8583072926846388e-21
2.479716052733412e-21
3.3021926653351204e-21
4.3886803634337495e-21
5.821182224873277e-21
7.706342831178092e-21
1.0182610363427181e-20
1.3429411692858367e-20
1.767888742554001e-20
2.323087749002191e-20
3.0472027925031216e-20
3.9900114958828966e-20
5.215496431223367e-20
6.805769553655231e-20
8.866045993030835e-20
1.1530938687745653e-19
1.4972413279792727e-19
1.9409827061311503e-19
2.512258041377762e-19
3.2466038823106985e-19
4.189154395640986e-19
5.397153050481613e-19
6.94310101515813e-19
8.91869856342737e-19
1.143977292557975e-18
1.4652431697276927e-18
1.874073703391617e-18
2.393626471778817e-18
3.0529996589258937e-18
3.888709817639109e-18
4.94652597514383e-18
6.283743346230558e-18
7.971998764552722e-18
1.0100752918557787e-17
1.2781592460258047e-17
1.6153539098290612e-17
2.038959416244413e-17
2.5704797363832386e-17
3.2366139410358035e-17
4.070474197677552e-17
5.1130807918332544e-17
6.41519527274148e-17
8.039565886032835e-17
1.0063675224796978e-16
1.2583099047793344e-16
1.5715608127893938e-16
1.9606172578579215e-16
2.4433061283494547e-16
3.0415268922006183e-16
3.7821550949494475e-16
4.698140430916397e-16
5.8298400469328075e-16
7.226635978912002e-16
8.948895481752303e-16
1.1070344800871923e-15
1.3680941014282096e-15
1.6890343379693081e-15
2.0832105662811997e-15
2.5668734804682473e-15
3.1597789720772305e-15
3.885922785397499e-15
4.774424731984203e-15
5.860592025405677e-15
7.187196967551053e-15
8.806010943231134e-15
1.0779644650596043e-14
1.3183753934680684e-14
1.610968176268222e-14
1.9667620090342016e-14
2.399039098010383e-14
2.923796476655639e-14
3.560285481829411e-14
4.331655409719528e-14
5.265720894373995e-14
6.395876111203116e-14
7.762183096507952e-14
9.412666399844822e-14
1.1404852074663945e-13
1.3807595810793595e-13
1.6703252990768556e-13
2.0190252809526858e-13
2.4386149564894737e-13
2.9431237073425704e-13
3.5492827204968535e-13
4.2770311122588106e-13
5.150114238316162e-13
6.196790508642446e-13
7.450665832246308e-13
8.951678091537631e-13
1.074725786532621e-12
1.2893696071037184e-12
1.545775438222361e-12
1.851856031431953e-12
2.2169835895473994e-12
2.6522517006876483e-12
3.1707829968980215e-12
3.788090297491895e-12
4.522500277049416e-12
5.395650182823011e-12
6.433069847993556e-12
7.664863242484942e-12
9.126506114079202e-12
1.0859778947896501e-11
1.2913857567664821e-11
1.5346587281632185e-11
1.822597061297113e-11
2.163190343342093e-11
2.5658199836416675e-11
3.0414952452913274e-11
3.603128225651946e-11
4.265854036982899e-11
5.0474034137410594e-11
5.968536096319356e-11
7.053544633867641e-11
8.330839736231542e-11
9.833630015386713e-11
1.1600710922493303e-10
1.3677379944891339e-10
1.6116497720260966e-10
1.8979717700967496e-10
2.233891041522053e-10
2.627781228566606e-10
3.0893933451648264e-10
3.6300764179720084e-10
4.2630325330314417e-10
5.003611508173967e-10
5.869651181511113e-10
6.88187018710021e-10
8.06432109544268e-10
9.444912946400608e-10
1.1056013515213156e-9
1.2935143151059245e-9
1.5125773737553072e-9
1.767824827458463e-9
2.0650838803781125e-9
2.4110962932659683e-9
2.813658209725541e-9
3.281780798715571e-9
3.825874729419469e-9
4.457961919732598e-9
5.1919184830078e-9
6.043753347109403e-9
7.031927644019985e-9
8.177720677114805e-9
9.505649077929564e-9
1.104394667739098e-8
1.2825113652256416e-8
1.4886544681925295e-8
1.727124718187634e-8
2.0028662188065996e-8
2.3215602174567753e-8
2.6897322020284327e-8
3.114874152869114e-8
3.605584037984886e-8
4.171724919298445e-8
4.824606354195244e-8
5.577191134110344e-8
6.44433080574554e-8
7.443033876490665e-8
8.592771120300992e-8
9.915822980998488e-8
1.1437674724955518e-7
1.3187465733620816e-7
1.5198500158710185e-7
1.750882710070617e-7
2.016189952758182e-7
2.320732233992857e-7
2.670170132720671e-7
3.070960626586646e-7
3.5304663103983465e-7
4.0570792081601595e-7
4.6603610776647696e-7
5.351202347154193e-7
6.142002093727065e-7
7.046871776522802e-7
8.081865778221378e-7
9.265242190484501e-7
1.0617757707567057e-6
1.216300097295317e-6
1.392776926265946e-6
1.5942493992643307e-6
1.824172121418348e-6
2.086465401866119e-6
2.3855764621324552e-6
2.7265484842904105e-6
3.1150984770088425e-6
3.557705056391437e-6
4.061707371359153e-6
4.635416551830489e-6
5.288241223906787e-6
6.030828821667381e-6
6.87522463223739e-6
7.835050741970948e-6
8.925707309627523e-6
0.00001016459888034304
0.00001157138877537813
0.000013168284950799244
0.000014980361117558508
0.000017035917360481156
0.0000193668849895389
0.00002200928090913079
0.000025003717406165297
0.000028395973942468763
0.000032237638299109575
0.000036586825268120516
0.00004150898203022678
0.00004707779040594865
0.00005337617733335643
0.00006049744622153887
0.00006854654326858008
0.00007764147443207967
0.00008791489051618781
0.0000995158598107544
0.00011261184990648518
0.00012739094273812372
0.0001440643096012061
0.00016286897587508803
0.00018407090849686443
0.00020796846290183665
0.0002348962302142239
0.00026522932997862647
0.0002993881987143817
0.00033784393010214124
0.0003811242287306627
0.0004298200461035123
0.0004845929750979539
0.000546183487356403
0.000615420107256648
0.0006932296262410181
0.0007806484724863204
0.0008788353632751106
0.0009890853811050924
0.001112845629679436
0.0012517326426020896
0.0014075517360184818
0.0015823185167690886
0.0017782827800539786
0.0019979550553525503
0.002244136086636803
0.0025199495630139506
0.0028288784491151513
0.003174805301119093
0.00356205699459925
0.003995454334781779
0.004480367068702718
0.0050227748726029585
0.005629334947184665
0.006307456918607278
0.00706538581490992
0.007912293966550563
0.008858382766652344
0.009914995322111961
0.011094741131795057
0.012411634043538948
0.01388124486861085
0.015520870171731238
0.017349718907971663
0.019389118746091522
0.021662744102628893
0.024196868113880478
0.027020640995515384
0.03016639748384573
0.033669996320777475
0.037571195038429046
0.0419140636217821
0.04674744098119048
0.05212543855403834
0.058107995779489795
0.06476149265558398
0.0721594250976924
0.08038314937570021
0.08952270251870958
0.09967770624550373
0.1109583627118104
0.12348655116740377
0.13739703549364018
0.15283879355206945
0.1699764803248451
0.1889920379759941
0.21008646721814742
0.23348177574182494
0.2594231209644066
0.28818116599505744
0.32005466950265116
0.3553733321298217
0.39450092423251476
0.43783872205696495
0.485829282012455
0.5389605854776075
0.5977705896110693
0.6628522229468216
0.7348588681644772
0.8145103783624299
0.9025996774554806