1.
0.8650395337422182
0.7480599560926469
0.646696854443772
0.5588926122217445
0.48285713584158
0.41703354025932654
0.36006817575846495
0.31078445438423313
0.2681600010488988
0.23130671286600965
0.1994533616967417
0.17193042005760742
0.14815683019659376
0.127628470956223
0.10990810759064996
0.09461663650408489
0.08142546038278159
0.07004984980179199
0.06024316545224922
0.051791830964640836
0.04451096017081328
0.03824055479203475
0.03284219917321081
0.028196187989744805
0.02419903099659858
0.020761286012136164
0.01780567755822939
0.015265464023468275
0.013083020975270514
0.011208612404485402
0.009599325317566047
0.008218146262192388
0.00703316113995114
0.006016862074811151
0.005145547212935888
0.00439880116663765
0.003759045416981698
0.0032111493854538858
0.0027420941012691142
0.002340681450126697
0.001997282912468195
0.0017036225020192934
0.0014525893138643022
0.0012380756988536977
0.001054837609443227
0.0008983741212952611
0.0007648235340369514
0.0006508738012336663
0.0005536853406804534
0.0004708245374548105
0.00040020647897101276
0.0003400456580290633
0.00028881355048207346
0.0002452021220721833
0.00020809244718412472
0.00017652773332975616
0.0001496901413632207
0.000126880874698829
0.00010750308287092223
0.00009104718712271623
0.00007707828963121884
0.00006522537459037514
0.00005517204965991707
0.00004664861108998565
0.000039425245886800276
0.00003330621033064521
0.00002812484654789118
0.000023739318153830667
0.000020028962639058725
0.000016891172529742522
0.000014238729723932957
0.000011997528062752426
0.00001010462837116412
8.506598100872461e-6
7.158094503144253e-6
6.0206561036755786e-6
5.06167227619725e-6
4.253505029630898e-6
3.5727408331640808e-6
2.99955348912952e-6
2.5171617980071455e-6
2.111368106168078e-6
1.7701658394412655e-6
1.4834058510178847e-6
1.2425128909600207e-6
1.0402447714058036e-6
8.704878863952017e-7
7.280836738460128e-7
6.086814017607603e-7
5.086133403143206e-7
4.247889624577978e-7
3.54605312170793e-7
2.9587110361075617e-7
2.467424765436352e-7
2.056686425215674e-7
1.713459199610878e-7
1.4267888113972253e-7
1.1874752580332689e-7
9.877955938913278e-8
8.212699295624124e-8
6.824640031797659e-8
5.6682268620686577e-8
4.705296430501313e-8
3.903890923663695e-8
3.237262370032393e-8
2.6830345534140866e-8
2.22249793239524e-8
1.840016746333235e-8
1.5225307019139375e-8
1.2591363588308959e-8
1.0407356420223287e-8
8.59740863630184e-9
7.09827293658084e-9
5.857257195317668e-9
4.830486199857241e-9
3.9814458073188e-9
3.2797642611597463e-9
2.7001925615185214e-9
2.2217518209084837e-9
1.8270206314053965e-9
1.5015397661357724e-9
1.233315159800009e-9
1.0124031645870506e-9
8.305646476631408e-10
6.809766594187252e-10
5.57992221311738e-10
4.5694031217013565e-10
3.739594176481745e-10
3.058590875825172e-10
2.5000485272462443e-10
2.042226131489397e-10
1.667192486934538e-10
1.3601673660511856e-10
1.1089750960225201e-10
9.035916270709161e-11
7.357693113468028e-11
5.987262409258529e-11
4.868891883301021e-11
3.9568102671802355e-11
3.2134503804559425e-11
2.6079979529410335e-11
2.1151937061375147e-11
1.7143450962670732e-11
1.388511522612044e-11
1.123832967392321e-11
9.089771615066484e-12
7.346846353034626e-12
5.933945583562878e-12
4.789372168204685e-12
3.862814215127644e-12
3.113271680800413e-12
2.507355524000857e-12
2.0178933801671638e-12
1.6227872660554551e-12
1.3040783775274468e-12
1.0471819449509106e-12
8.402616424767013e-13
6.737184434499502e-13
5.397732690913264e-13
4.3212645313844756e-13
3.456800757500857e-13
2.763117171945612e-13
2.2069023820443446e-13
1.7612588609829318e-13
1.4044841740775013e-13
1.1190807143143536e-13
8.909516841525467e-14
7.087487694014468e-14
5.6334327343891885e-14
4.473976618872918e-14
3.5501871194471446e-14
2.8147693416563044e-14
2.2297977547466144e-14
1.7648843414728338e-14
1.3957001387205523e-14
1.1027829170766163e-14
8.705763696010348e-15
6.866564663998934e-15
5.411090082476158e-15
4.260292289426432e-15
3.351198387592305e-15
2.6336840490621563e-15
2.0678862135723906e-15
1.6221298683828776e-15
1.2712681451135376e-15
9.953544480894728e-16
7.785810950266355e-16
6.0843170191589435e-16
4.750048481731889e-16
3.704748783511736e-16
2.8866240950898886e-16
2.246925248346957e-16
1.7472299297931826e-16
1.3572836063242416e-16
1.0532858684577492e-16
8.165315415266666e-17
6.323341105368835e-17
4.891735985271379e-17
3.780227338653828e-17
2.918146064602814e-17
2.250225043501004e-17
1.733286098653339e-17
1.333630160955174e-17
1.0249833925096976e-17
7.868824334702943e-18
6.034061526470615e-18
4.621805495485129e-18
3.535987706086291e-18
2.7021036448763894e-18
2.062435504025426e-18
1.5723192133368522e-18
1.197230598011764e-18
9.105133440916283e-19
6.91609311459358e-19
5.246816222688558e-19
3.975445247399906e-19
3.008326041053119e-19
2.27356529718416e-19
1.7160402004598984e-19
1.2935373385392693e-19
9.737687802514765e-20
7.320687302486144e-20
5.496176255618779e-20
4.1207452327646296e-20
3.0852517589664814e-20
2.306739060303429e-20
1.7222353789039233e-20
1.2840021330371677e-20
9.558969505367379e-21
7.105935311961937e-21
5.274592003543678e-21
3.9093666300501406e-21
2.893117976007283e-21
2.137766400577427e-21
1.577177953162681e-21
1.1617677461187577e-21
8.54412801736896e-22
6.273609210310518e-22
4.598961236461894e-22
3.3657798334217682e-22
2.4591568508625795e-22
1.7937091689645127e-22
1.3060914651226107e-22
9.493824470116041e-23
6.888821040080975e-23
4.9897011074902874e-23
3.60761074122679e-23
2.6035724277778303e-23
1.875484996917268e-23
1.3484668829597308e-23
9.676945245239841e-24
6.930999285721644e-24
4.95451292283976e-24
3.534608207338237e-24
2.5165417991878475e-24
1.788037332592652e-24
1.2677839720559434e-24
8.970083578894834e-25
6.333098266648044e-25
4.461593807612971e-25
3.1361949688086143e-25
2.199581412933001e-25
1.539165403227321e-25
1.074540169150763e-25
7.484029624795737e-26
5.200040109093377e-26
3.6042805969084845e-26
2.492028512985946e-26
1.7186647552000668e-26
1.182261987717875e-26
8.111490945419667e-27
5.550491126303359e-27
3.787778445314636e-27
2.5777339788703042e-27
1.7493196510095593e-27
1.1837341532156328e-27
7.986723196493165e-28
5.372632958473005e-28
3.603159466505917e-28
2.4089637046980634e-28
1.60545865072127e-28
1.0664993616198814e-28
7.061289328667196e-29
4.659479517347527e-29
3.0639912470085465e-29
2.0077037775938536e-29
1.3108032783379676e-29
8.526352903904969e-30
5.5250649094949245e-30
3.566303390214377e-30
2.2927807769804102e-30
1.4679947044151592e-30
9.35957664961783e-31
5.94165217519063e-31
3.7551248657437713e-31
2.362389923144351e-31
1.479208981759127e-31
9.217125244843032e-32
5.714561360489971e-32
3.5246912752579786e-32
2.1623938840958345e-32
1.319300792775715e-32
8.003176118043394e-33
4.826125005245922e-33
2.8923690352533055e-33
1.7223503112250406e-33
1.018795710063547e-33
5.984476482790168e-34
3.489823159419315e-34
2.0196276757795717e-34
1.1594931788638924e-34
6.601098850733375e-35
3.724936319623285e-35
2.082368750129293e-35
1.1526263557090413e-35
6.313020153312941e-36
3.4189508077156486e-36
1.829368134453475e-36
9.661710525818428e-37
5.031269282568463e-37
2.5799710197362835e-37
1.3007784118987524e-37
6.436407770714138e-38
3.118563244125311e-38
1.4753977360870865e-38
6.79103869423238e-39
3.026693259885316e-39
1.2977518083227511e-39
5.304084996760439e-40
2.038149371812704e-40
7.201389309100158e-41
2.2486344534661282e-41
5.711222779615375e-42
9.374512663713568e-43
2.4229361003195207e-44
7.22757354925325e-44
2.0672236964863585e-43
2.5083811362214125e-43
2.2220125490966474e-43
1.6516181305783283e-43
1.0884798794005552e-43
6.523832488151818e-44
3.5961614119692876e-44
1.8275756688826097e-44
8.518094246814407e-45
3.588295209919962e-45
1.3252323428465696e-45
4.020148723712002e-46
8.453388273787784e-47
5.771310106642063e-48
2.2592342137315064e-48
1.1882636412156e-47
1.703848821918523e-47
1.6414551141594073e-47
1.2750526053868287e-47
8.523098716708696e-48
5.031279575260505e-48
2.6386087225479446e-48
1.2171354580342188e-48
4.7845131445414826e-49
1.4837935616102621e-49
2.9011072267740393e-50
9.033745785656845e-52
2.804832277328418e-51
8.93288222369591e-51
1.1645555266784765e-50
1.0756718175222824e-50
8.067084405729513e-51
5.15503277333031e-51
2.843580465685196e-51
1.3381049798274026e-51
5.134361722667653e-52
1.4183400024764942e-52
1.7656666277792838e-53
7.401672942389973e-55
1.438883013219251e-53
2.6320121907689316e-53
2.873847143994846e-53
2.398291362773007e-53
1.6508175807591893e-53
9.575016522537024e-54
4.6214835513945453e-54
1.7527623622594692e-54
4.387964138045057e-55
3.0923671526564666e-56
2.1895496315156994e-56
1.1165616809921348e-55
1.707568416675968e-55
1.730290676214752e-55
1.3693841393197813e-55
8.898662059562666e-56
4.755569604170468e-56
1.9984927998028937e-56
5.704712176492608e-57
5.811839140018595e-58
1.4809623325982433e-58
1.1891090627000516e-57
2.0371107531909094e-57
2.2005589517501962e-57
1.8166630880960837e-57
1.2109250722602138e-57
6.506105065226029e-58
2.6539178473266617e-58
6.682742481407063e-59
2.98188416739662e-60
8.148015483537924e-60
3.182868203639694e-59
4.738953336327411e-59
4.794329212674906e-59
3.7597510759840494e-59
2.356972133255532e-59
1.1486012597783417e-59
3.845907683272493e-60
5.2556461279707996e-61
5.421698364974819e-62
7.793604113010538e-61
1.53481247274529e-60
1.806855832497725e-60
1.5825145808364976e-60
1.0907516629817868e-60
5.837620475536308e-61
2.1931526759197454e-61
3.84911787493914e-62
7.091279949467091e-64
3.4979292359966594e-62
7.982607439340076e-62
1.0163032887776215e-61
9.413086686280785e-62
6.7762541759695685e-62
3.746128757061026e-62
1.428787291978571e-62
2.3903294326731506e-63
1.1527916901252748e-64
3.0076441847720255e-63
6.691347252724977e-63
8.532980110285395e-63
7.932455056981696e-63
5.689296987257609e-63
3.072348503035795e-63
1.0823177243716224e-63
1.2374843373997985e-64
5.487591309334193e-65
4.462585306238412e-64
8.61713295899763e-64
1.0379118189813272e-63
9.267535549507044e-64
6.335849151183685e-64
3.1447230492263524e-64
8.952212669730978e-65
2.3534698550002566e-66
2.6346444952308664e-65
9.886627192914182e-65
1.5956391436862705e-64
1.7522084229812386e-64
1.4501425172024545e-64
9.025164763907279e-65
3.7840268762887752e-65
6.483751042749912e-66
6.761506735363925e-67
1.2728364843130264e-65
2.9580497241480763e-65
4.006036774528301e-65
3.929889528652976e-65
2.915685824054121e-65
1.5552970837247638e-65
4.687071019497707e-66
1.1038770404794248e-67
1.7258785542526114e-66
6.686029655973999e-66
1.132968140856918e-65
1.3045262984729075e-65
1.1238114647729451e-65
7.163184342534725e-66
2.9430649904705093e-66
3.883472487311721e-67
1.9905965097140254e-67
1.8384656983435646e-66
4.009633030700057e-66
5.404034761388858e-66
5.326764911137553e-66
3.928025801222206e-66
1.996740071695159e-66
4.8146297236649245e-67
4.980208561284807e-69
6.030361168206424e-67
1.7808643387560406e-66
2.81973871296845e-66
3.1564871653594907e-66
2.6452873602613956e-66
1.588052069727069e-66
5.41755018648377e-67
1.6963066738820922e-68
2.2394609863804774e-67
9.870613603188845e-67
1.8577168673246158e-66
2.3576871689713636e-66
2.2249620625910322e-66
1.5396157122332312e-66
6.715325430655039e-67
8.188487633492841e-68
8.188487633492841e-68
6.715325430655039e-67
1.5396157122332312e-66
2.2249620625910322e-66
2.3576871689713636e-66
1.8577168673246158e-66
9.870613603188845e-67
2.2394609863804774e-67
1.6963066738820922e-68
5.41755018648377e-67
1.588052069727069e-66
2.6452873602613956e-66
3.1564871653594907e-66
2.81973871296845e-66
1.7808643387560406e-66
6.030361168206424e-67
4.980208561284807e-69
4.8146297236649245e-67
1.996740071695159e-66
3.928025801222206e-66
5.326764911137553e-66
5.404034761388858e-66
4.009633030700057e-66
1.8384656983435646e-66
1.9905965097140254e-67
3.883472487311721e-67
2.9430649904705093e-66
7.163184342534725e-66
1.1238114647729451e-65
1.3045262984729075e-65
1.132968140856918e-65
6.686029655973999e-66
1.7258785542526114e-66
1.1038770404794248e-67
4.687071019497707e-66
1.5552970837247638e-65
2.915685824054121e-65
3.929889528652976e-65
4.006036774528301e-65
2.9580497241480763e-65
1.2728364843130264e-65
6.761506735363925e-67
6.483751042749912e-66
3.7840268762887752e-65
9.025164763907279e-65
1.4501425172024545e-64
1.7522084229812386e-64
1.5956391436862705e-64
9.886627192914182e-65
2.6346444952308664e-65
2.3534698550002566e-66
8.952212669730978e-65
3.1447230492263524e-64
6.335849151183685e-64
9.267535549507044e-64
1.0379118189813272e-63
8.61713295899763e-64
4.462585306238412e-64
5.487591309334193e-65
1.2374843373997985e-64
1.0823177243716224e-63
3.072348503035795e-63
5.689296987257609e-63
7.932455056981696e-63
8.532980110285395e-63
6.691347252724977e-63
3.0076441847720255e-63
1.1527916901252748e-64
2.3903294326731506e-63
1.428787291978571e-62
3.746128757061026e-62
6.7762541759695685e-62
9.413086686280785e-62
1.0163032887776215e-61
7.982607439340076e-62
3.4979292359966594e-62
7.091279949467091e-64
3.84911787493914e-62
2.1931526759197454e-61
5.837620475536308e-61
1.0907516629817868e-60
1.5825145808364976e-60
1.806855832497725e-60
1.53481247274529e-60
7.793604113010538e-61
5.421698364974819e-62
5.2556461279707996e-61
3.845907683272493e-60
1.1486012597783417e-59
2.356972133255532e-59
3.7597510759840494e-59
4.794329212674906e-59
4.738953336327411e-59
3.182868203639694e-59
8.148015483537924e-60
2.98188416739662e-60
6.682742481407063e-59
2.6539178473266617e-58
6.506105065226029e-58
1.2109250722602138e-57
1.8166630880960837e-57
2.2005589517501962e-57
2.0371107531909094e-57
1.1891090627000516e-57
1.4809623325982433e-58
5.811839140018595e-58
5.704712176492608e-57
1.9984927998028937e-56
4.755569604170468e-56
8.898662059562666e-56
1.3693841393197813e-55
1.730290676214752e-55
1.707568416675968e-55
1.1165616809921348e-55
2.1895496315156994e-56
3.0923671526564666e-56
4.387964138045057e-55
1.7527623622594692e-54
4.6214835513945453e-54
9.575016522537024e-54
1.6508175807591893e-53
2.398291362773007e-53
2.873847143994846e-53
2.6320121907689316e-53
1.438883013219251e-53
7.401672942389973e-55
1.7656666277792838e-53
1.4183400024764942e-52
5.134361722667653e-52
1.3381049798274026e-51
2.843580465685196e-51
5.15503277333031e-51
8.067084405729513e-51
1.0756718175222824e-50
1.1645555266784765e-50
8.93288222369591e-51
2.804832277328418e-51
9.033745785656845e-52
2.9011072267740393e-50
1.4837935616102621e-49
4.7845131445414826e-49
1.2171354580342188e-48
2.6386087225479446e-48
5.031279575260505e-48
8.523098716708696e-48
1.2750526053868287e-47
1.6414551141594073e-47
1.703848821918523e-47
1.1882636412156e-47
2.2592342137315064e-48
5.771310106642063e-48
8.453388273787784e-47
4.020148723712002e-46
1.3252323428465696e-45
3.588295209919962e-45
8.518094246814407e-45
1.8275756688826097e-44
3.5961614119692876e-44
6.523832488151818e-44
1.0884798794005552e-43
1.6516181305783283e-43
2.2220125490966474e-43
2.5083811362214125e-43
2.0672236964863585e-43
7.22757354925325e-44
2.4229361003195207e-44
9.374512663713568e-43
5.711222779615375e-42
2.2486344534661282e-41
7.201389309100158e-41
2.038149371812704e-40
5.304084996760439e-40
1.2977518083227511e-39
3.026693259885316e-39
6.79103869423238e-39
1.4753977360870865e-38
3.118563244125311e-38
6.436407770714138e-38
1.3007784118987524e-37
2.5799710197362835e-37
5.031269282568463e-37
9.661710525818428e-37
1.829368134453475e-36
3.4189508077156486e-36
6.313020153312941e-36
1.1526263557090413e-35
2.082368750129293e-35
3.724936319623285e-35
6.601098850733375e-35
1.1594931788638924e-34
2.0196276757795717e-34
3.489823159419315e-34
5.984476482790168e-34
1.018795710063547e-33
1.7223503112250406e-33
2.8923690352533055e-33
4.826125005245922e-33
8.003176118043394e-33
1.319300792775715e-32
2.1623938840958345e-32
3.5246912752579786e-32
5.714561360489971e-32
9.217125244843032e-32
1.479208981759127e-31
2.362389923144351e-31
3.7551248657437713e-31
5.94165217519063e-31
9.35957664961783e-31
1.4679947044151592e-30
2.2927807769804102e-30
3.566303390214377e-30
5.5250649094949245e-30
8.526352903904969e-30
1.3108032783379676e-29
2.0077037775938536e-29
3.0639912470085465e-29
4.659479517347527e-29
7.061289328667196e-29
1.0664993616198814e-28
1.60545865072127e-28
2.4089637046980634e-28
3.603159466505917e-28
5.372632958473005e-28
7.986723196493165e-28
1.1837341532156328e-27
1.7493196510095593e-27
2.5777339788703042e-27
3.787778445314636e-27
5.550491126303359e-27
8.111490945419667e-27
1.182261987717875e-26
1.7186647552000668e-26
2.492028512985946e-26
3.6042805969084845e-26
5.200040109093377e-26
7.484029624795737e-26
1.074540169150763e-25
1.539165403227321e-25
2.199581412933001e-25
3.1361949688086143e-25
4.461593807612971e-25
6.333098266648044e-25
8.970083578894834e-25
1.2677839720559434e-24
1.788037332592652e-24
2.5165417991878475e-24
3.534608207338237e-24
4.95451292283976e-24
6.930999285721644e-24
9.676945245239841e-24
1.3484668829597308e-23
1.875484996917268e-23
2.6035724277778303e-23
3.60761074122679e-23
4.9897011074902874e-23
6.888821040080975e-23
9.493824470116041e-23
1.3060914651226107e-22
1.7937091689645127e-22
2.4591568508625795e-22
3.3657798334217682e-22
4.598961236461894e-22
6.273609210310518e-22
8.54412801736896e-22
1.1617677461187577e-21
1.577177953162681e-21
2.137766400577427e-21
2.893117976007283e-21
3.9093666300501406e-21
5.274592003543678e-21
7.105935311961937e-21
9.558969505367379e-21
1.2840021330371677e-20
1.7222353789039233e-20
2.306739060303429e-20
3.0852517589664814e-20
4.1207452327646296e-20
5.496176255618779e-20
7.320687302486144e-20
9.737687802514765e-20
1.2935373385392693e-19
1.7160402004598984e-19
2.27356529718416e-19
3.008326041053119e-19
3.975445247399906e-19
5.246816222688558e-19
6.91609311459358e-19
9.105133440916283e-19
1.197230598011764e-18
1.5723192133368522e-18
2.062435504025426e-18
2.7021036448763894e-18
3.535987706086291e-18
4.621805495485129e-18
6.034061526470615e-18
7.868824334702943e-18
1.0249833925096976e-17
1.333630160955174e-17
1.733286098653339e-17
2.250225043501004e-17
2.918146064602814e-17
3.780227338653828e-17
4.891735985271379e-17
6.323341105368835e-17
8.165315415266666e-17
1.0532858684577492e-16
1.3572836063242416e-16
1.7472299297931826e-16
2.246925248346957e-16
2.8866240950898886e-16
3.704748783511736e-16
4.750048481731889e-16
6.0843170191589435e-16
7.785810950266355e-16
9.953544480894728e-16
1.2712681451135376e-15
1.6221298683828776e-15
2.0678862135723906e-15
2.6336840490621563e-15
3.351198387592305e-15
4.260292289426432e-15
5.411090082476158e-15
6.866564663998934e-15
8.705763696010348e-15
1.1027829170766163e-14
1.3957001387205523e-14
1.7648843414728338e-14
2.2297977547466144e-14
2.8147693416563044e-14
3.5501871194471446e-14
4.473976618872918e-14
5.6334327343891885e-14
7.087487694014468e-14
8.909516841525467e-14
1.1190807143143536e-13
1.4044841740775013e-13
1.7612588609829318e-13
2.2069023820443446e-13
2.763117171945612e-13
3.456800757500857e-13
4.3212645313844756e-13
5.397732690913264e-13
6.737184434499502e-13
8.402616424767013e-13
1.0471819449509106e-12
1.3040783775274468e-12
1.6227872660554551e-12
2.0178933801671638e-12
2.507355524000857e-12
3.113271680800413e-12
3.862814215127644e-12
4.789372168204685e-12
5.933945583562878e-12
7.346846353034626e-12
9.089771615066484e-12
1.123832967392321e-11
1.388511522612044e-11
1.7143450962670732e-11
2.1151937061375147e-11
2.6079979529410335e-11
3.2134503804559425e-11
3.9568102671802355e-11
4.868891883301021e-11
5.987262409258529e-11
7.357693113468028e-11
9.035916270709161e-11
1.1089750960225201e-10
1.3601673660511856e-10
1.667192486934538e-10
2.042226131489397e-10
2.5000485272462443e-10
3.058590875825172e-10
3.739594176481745e-10
4.5694031217013565e-10
5.57992221311738e-10
6.809766594187252e-10
8.305646476631408e-10
1.0124031645870506e-9
1.233315159800009e-9
1.5015397661357724e-9
1.8270206314053965e-9
2.2217518209084837e-9
2.7001925615185214e-9
3.2797642611597463e-9
3.9814458073188e-9
4.830486199857241e-9
5.857257195317668e-9
7.09827293658084e-9
8.59740863630184e-9
1.0407356420223287e-8
1.2591363588308959e-8
1.5225307019139375e-8
1.840016746333235e-8
2.22249793239524e-8
2.6830345534140866e-8
3.237262370032393e-8
3.903890923663695e-8
4.705296430501313e-8
5.6682268620686577e-8
6.824640031797659e-8
8.212699295624124e-8
9.877955938913278e-8
1.1874752580332689e-7
1.4267888113972253e-7
1.713459199610878e-7
2.056686425215674e-7
2.467424765436352e-7
2.9587110361075617e-7
3.54605312170793e-7
4.247889624577978e-7
5.086133403143206e-7
6.086814017607603e-7
7.280836738460128e-7
8.704878863952017e-7
1.0402447714058036e-6
1.2425128909600207e-6
1.4834058510178847e-6
1.7701658394412655e-6
2.111368106168078e-6
2.5171617980071455e-6
2.99955348912952e-6
3.5727408331640808e-6
4.253505029630898e-6
5.06167227619725e-6
6.0206561036755786e-6
7.158094503144253e-6
8.506598100872461e-6
0.00001010462837116412
0.000011997528062752426
0.000014238729723932957
0.000016891172529742522
0.000020028962639058725
0.000023739318153830667
0.00002812484654789118
0.00003330621033064521
0.000039425245886800276
0.00004664861108998565
0.00005517204965991707
0.00006522537459037514
0.00007707828963121884
0.00009104718712271623
0.00010750308287092223
0.000126880874698829
0.0001496901413632207
0.00017652773332975616
0.00020809244718412472
0.0002452021220721833
0.00028881355048207346
0.0003400456580290633
0.00040020647897101276
0.0004708245374548105
0.0005536853406804534
0.0006508738012336663
0.0007648235340369514
0.0008983741212952611
0.001054837609443227
0.0012380756988536977
0.0014525893138643022
0.0017036225020192934
0.001997282912468195
0.002340681450126697
0.0027420941012691142
0.0032111493854538858
0.003759045416981698
0.00439880116663765
0.005145547212935888
0.006016862074811151
0.00703316113995114
0.008218146262192388
0.009599325317566047
0.011208612404485402
0.013083020975270514
0.015265464023468275
0.01780567755822939
0.020761286012136164
0.02419903099659858
0.028196187989744805
0.03284219917321081
0.03824055479203475
0.04451096017081328
0.051791830964640836
0.06024316545224922
0.07004984980179199
0.08142546038278159
0.09461663650408489
0.10990810759064996
0.127628470956223
0.14815683019659376
0.17193042005760742
0.1994533616967417
0.23130671286600965
0.2681600010488988
0.31078445438423313
0.36006817575846495
0.41703354025932654
0.48285713584158
0.5588926122217445
0.646696854443772
0.7480599560926469
0.8650395337422182