1.
0.43627615283915505
0.18984594597714938
0.08239686923043775
0.03566815537081862
0.01539933769495581
0.0066307958250606015
0.002847489417075515
0.0012195003421851445
0.0005208533144408341
0.0002218466346889831
0.00009422892311274536
0.0000399116325662298
0.00001685731484510199
7.0997089508525755e-6
2.9815725010788787e-6
1.2485103878825438e-6
5.212787357795717e-7
2.1700405816535682e-7
9.006881635237785e-8
3.727162982876395e-8
1.5376873131531963e-8
6.324578618722957e-9
2.5933258014753276e-9
1.0600645005454222e-9
4.319612848837057e-10
1.7546159318487935e-10
7.104461990633906e-11
2.8673397431200483e-11
1.1534869049964269e-11
4.625069107787242e-12
1.848340911654472e-12
7.361905200816327e-13
2.9223242908356707e-13
1.1560646628205442e-13
4.557604091748782e-14
1.790510049443686e-14
7.009503996996768e-15
2.734340159874892e-15
1.0628123519452434e-15
4.1160742931567117e-16
1.5882388663976757e-16
6.105729389078475e-17
2.3384666449133013e-17
8.922347445232392e-18
3.391278651633728e-18
1.2840026296840505e-18
4.842479145832439e-19
1.8190721932176138e-19
6.806015831573486e-20
2.5361615301681465e-20
9.411990036883421e-21
3.47845032389054e-21
1.2801730822584602e-21
4.6914638467003825e-22
1.7119166373129242e-22
6.219688712468814e-23
2.2497962583291048e-23
8.101816188515673e-24
2.9044359987180442e-24
1.0364692984181804e-24
3.6816342010226017e-25
1.3016316575936352e-25
4.580067558670201e-26
1.6038521257951964e-26
5.589037731292297e-27
1.9380318067162353e-27
6.68660976230684e-28
2.2953109695828284e-28
7.838554196520907e-29
2.662911834070916e-29
8.99850944517053e-30
3.0244258163427783e-30
1.0109704260300438e-30
3.3606295308082834e-31
1.110841001495111e-31
3.6508456041446783e-32
1.1929035651713635e-32
3.8747726056315696e-33
1.2510465599519784e-33
4.014606845563255e-34
1.280292756911958e-34
4.0571878587844317e-35
1.2774434291603496e-35
3.9958425972206475e-36
1.2415743810169331e-36
3.831601642830608e-37
1.174288115635651e-37
3.573525896354383e-38
1.0796575838594782e-38
3.2380112675402945e-39
9.638458357640476e-40
2.8471118882353554e-40
8.344436515938355e-41
2.426104627573046e-41
6.996213773496763e-42
2.0006673430236492e-42
5.6722862398659675e-43
1.5941222978610745e-43
4.4398617389630635e-44
1.2251817251729866e-44
3.348946476328183e-45
9.065251411115756e-46
2.429383925051592e-46
6.443629647928472e-47
1.6910195154138376e-47
4.3894191761405247e-48
1.1265564579842504e-48
2.857739765032873e-49
7.162103514317155e-50
1.7726284860977e-50
4.330619852466435e-51
1.0437984323310081e-51
2.480717082700616e-52
5.809913342178979e-53
1.3400050757240327e-53
3.0413818141783036e-54
6.787540815181769e-55
1.4881278730835782e-55
3.2019618152305265e-56
6.753751412312793e-57
1.3946427860458292e-57
2.815277268274118e-58
5.545815507131137e-59
1.0639172438553155e-59
1.9828417092793644e-60
3.579462852575956e-61
6.235922683887414e-62
1.0435407619384499e-62
1.6672199154958062e-63
2.5220559173060357e-64
3.5701177516827435e-65
4.6456757388220587e-66
5.396938967620742e-67
5.300951032959368e-68
3.8910898466472813e-69
1.4056949575670016e-70
4.949950390555199e-73
5.787222301536332e-72
2.983616703946876e-72
8.77015475855112e-73
1.922219145134555e-73
3.3753865099652733e-74
4.769393692554499e-75
5.1362821808834674e-76
3.493507469266335e-77
5.456179854770502e-79
1.8797290168686955e-79
2.128738378801852e-79
7.955974986978585e-80
1.9095002517053246e-80
3.328102548525734e-81
4.147300175933893e-82
3.0840956407337384e-83
4.4381141308888064e-85
2.3562597033001145e-85
2.4997730383122806e-85
9.074513612923846e-86
2.0439251224916686e-86
3.1052106156662965e-87
2.8243887546711776e-88
6.952749539083431e-90
1.285591762356657e-90
1.9550781533110676e-90
7.76923033868474e-91
1.782441918999303e-91
2.562612054856791e-92
1.845956007563856e-93
4.363827384674954e-96
4.857102057310524e-95
3.53919206961286e-95
1.0919074266672528e-95
1.979137253819374e-96
1.9118477704874186e-97
3.1171944565569425e-99
2.2122463331894916e-99
2.435032599911945e-99
8.688189169408757e-100
1.7028519272962857e-100
1.6931002497723275e-101
2.2429634761477825e-103
2.679131505714576e-103
2.7099517416963023e-103
9.293608227317634e-104
1.68824437440593e-104
1.3370110348484173e-105
5.370398384504835e-110
6.597744950669411e-107
4.405057681170427e-107
1.2361350860778071e-107
1.738078853387653e-108
6.361667747670776e-110
1.0851394142511069e-110
2.0904123944118444e-110
8.701694466048353e-111
1.7346268627091185e-111
1.3489786408491742e-112
3.3815533423897857e-115
1.0970436974435346e-113
6.649961320701129e-114
1.6974375668577197e-114
1.8642041192651806e-115
8.993379553965447e-118
7.053873290188139e-117
5.936040836885933e-117
1.7949156730095808e-117
2.355805369200413e-118
3.241940559471252e-120
6.204454239247988e-120
6.467758718615022e-120
2.142663204323379e-120
3.00566522022495e-121
4.666015824327746e-123
8.041491425778531e-123
8.74040921254507e-123
2.9249894989969333e-123
3.966398031331837e-124
3.6442128886000444e-126
1.5111513609426126e-125
1.4482937643216382e-125
4.5202648440561e-126
5.296441351841369e-127
2.3171290509855147e-130
3.757270419717384e-128
2.8476132561507445e-128
7.674257743960018e-129
6.613562939080668e-130
1.2745417432054705e-131
1.115629356913419e-130
6.346584014002274e-131
1.3585015034350022e-131
6.1651834304007275e-133
1.8447813536850553e-133
3.6568587665662515e-133
1.518297453370037e-133
2.288619349362412e-134
1.2391739255260245e-136
1.3639063474145687e-135
1.2489420891378119e-135
3.639300079538437e-136
2.989259529000182e-137
1.5835122081913423e-138
7.960347249437491e-138
4.214080698157816e-138
7.834218657402341e-139
1.247901644723429e-140
3.5548762212141175e-140
4.0435765077194507e-140
1.3084626989009e-140
1.1691826933517968e-141
6.03640821218619e-143
3.304731871400905e-142
1.7959403423953825e-142
3.256514240454481e-143
2.6359528713939373e-145
2.1957438628698465e-144
2.2075836797993296e-144
6.531379904988172e-145
4.197285185188335e-146
9.596714524967142e-147
2.5107781499690297e-146
1.1411161031771052e-146
1.561078527842861e-147
6.239177702911917e-150
2.6501456212914613e-148
1.8724006937736996e-148
4.123466569643738e-149
6.80673319169766e-151
2.5234777159780307e-150
2.996561970201588e-150
9.568024015412744e-151
6.00952644812766e-152
1.979038249188891e-152
4.7785987114253314e-152
2.117603229485753e-152
2.488962181090172e-153
9.309624901689696e-155
7.690713326945495e-154
4.663002771285398e-154
8.226731128575551e-155
1.2914906648715943e-159
1.2585246768595813e-155
1.04816143843788e-155
2.5062098258013946e-156
3.3015301961164422e-158
2.102102494524698e-157
2.447772132830128e-157
7.487293786641598e-158
2.964862411999857e-159
3.587987656306175e-159
6.017861102519621e-159
2.267744345848952e-159
1.5705921356584616e-160
6.253639574522982e-161
1.5743003305261196e-160
7.106309525825844e-161
7.008962377098722e-162
1.1113247533542598e-162
4.4222999508698965e-162
2.335119180928558e-162
2.943986186859273e-163
2.014014909379609e-164
1.3444253208721763e-163
8.12126702527412e-164
1.2226013225623114e-164
3.752211857108846e-166
4.453194288711853e-165
3.0089361774984955e-165
5.15123872808536e-166
7.406100183794915e-168
1.615910231454256e-166
1.1929037212843029e-166
2.2344961230390412e-167
1.6755572920715876e-169
6.448720189602015e-168
5.074736740210944e-168
1.0063134223927975e-168
5.033747995060844e-171
2.836401209776605e-169
2.3197724348904664e-169
4.725728459328144e-170
2.3323173562115314e-172
1.3752888353665706e-170
1.1396799157634844e-170
2.317384883722152e-171
1.664992821825664e-173
7.338972761800916e-172
6.012336272627995e-172
1.1853507811601916e-172
1.574715167244855e-174
4.2960597254654315e-173
3.39961613854608e-173
6.301806117396793e-174
1.7024539060961173e-175
2.746257787882718e-174
2.054812810918117e-174
3.4597745561478987e-175
1.9442989359239026e-176
1.906967617859553e-175
1.3229704200028818e-175
1.941201471033925e-176
2.2759869547338645e-177
1.4301944563371263e-176
9.03427287281347e-177
1.094645087934852e-177
2.7096588542121113e-178
1.151769311601889e-177
6.509444381901587e-178
6.030645816302087e-179
3.282678353327101e-179
9.902512076939588e-179
4.917710542289907e-179
3.076976845719167e-180
4.058631262898996e-180
9.037862934888631e-180
3.864929954149887e-180
1.2862459101407432e-181
5.136794731244587e-181
8.706996022223764e-181
3.1278816989628035e-181
2.8981027366485257e-183
6.671161369424667e-182
8.803030344825426e-182
2.570213724571666e-182
7.589831834898564e-186
8.90330768920067e-183
9.282239190692833e-183
2.099564317901243e-183
6.405059810182745e-185
1.2217227951904792e-183
1.013576028830416e-183
1.6459986766724963e-184
2.794095960627567e-185
1.7229577492377583e-184
1.1363387618724422e-184
1.1564707464419217e-185
7.80199840110766e-186
2.4935653161680992e-185
1.2933564722863878e-185
6.140477099248723e-187
1.8428222309985964e-186
3.693744950220789e-186
1.4707444852551881e-186
1.1735740999970519e-188
4.0339403267800024e-187
5.57746401917605e-187
1.6296128544050277e-187
1.2260429225851611e-189
8.516979132592378e-188
8.532784981227482e-188
1.6830558379153375e-188
2.1275853596299673e-189
1.7687079742919664e-188
1.3106887522254071e-188
1.4750475378751342e-189
1.0549574753790954e-189
3.64706045177838e-189
1.993527606837755e-189
8.34618437398578e-191
3.78061637551962e-190
7.491283392594979e-190
2.934876440989507e-190
3.251521131356383e-193
1.1792754910316238e-190
1.5304645863393555e-190
4.0145000566501393e-191
1.9110540450082667e-192
3.426566435173045e-191
3.089939673392312e-191
4.680404258691834e-192
2.0310458519917153e-192
9.557663634628021e-192
6.085720553900522e-192
3.6466382335252725e-193
1.109918816739361e-192
2.5932769131914587e-192
1.1416857596691136e-192
3.7658046255015966e-195
4.803332627745323e-193
6.867817025397593e-193
1.947968910248727e-193
9.449174880624556e-195
1.8558341424685903e-193
1.7670403105475063e-193
2.723551093482527e-194
1.4373781714795373e-194
6.713189059499659e-194
4.3554512085855614e-194
2.245998371419371e-195
1.024002108305151e-194
2.3198832819757504e-194
9.98652109408587e-195
4.0379629083843654e-199
5.638788851930883e-195
7.701859762995555e-195
2.0010951661332733e-195
2.321443469981951e-196
2.735777421914756e-195
2.4427386120126395e-195
2.987192679255711e-196
3.343433618092656e-196
1.2296680236800254e-195
7.261509913540222e-196
1.689853696512651e-197
2.7291108237472352e-196
5.223831280759245e-196
1.9383756919862798e-196
3.2310584106406787e-198
1.7877682720364066e-196
2.1045137235225796e-196
4.1978665512383804e-197
1.6644824107520406e-197
1.0420301306793198e-196
7.953095187390324e-197
5.330948929633543e-198
2.1273124047972745e-197
5.625622073688211e-197
2.7334944546948626e-197
2.162246788194083e-201
1.8938264660675406e-197
2.851956542482427e-197
7.942200365811204e-198
1.236605635946301e-198
1.4265536672794203e-197
1.3530196634303806e-197
1.5872609295813789e-198
2.684079918047316e-198
9.727481083980901e-198
5.874883100054962e-198
7.001845543364156e-200
3.268317923641246e-198
6.160460452663159e-198
2.2074830899057486e-198
1.2938059892703687e-199
3.170142218492101e-198
3.637552939526869e-198
6.185964500888639e-199
5.472275825571591e-199
2.715705124356178e-198
1.9725303079262312e-198
6.998537355847293e-200
9.18660935865798e-199
2.1365157240047055e-198
9.400225259421869e-199
1.6099586368299827e-200
1.1440215119370258e-198
1.5610318820251087e-198
3.512108425527078e-199
1.7838860936935893e-199
1.2261529329130374e-198
1.0499649590647121e-198
6.881294924076277e-200
4.183519266877482e-199
1.1937810887792727e-198
6.280611490982925e-199
1.049669194522606e-201
6.68337666389651e-199
1.0756153269105076e-198
3.053973763539775e-199
9.079821974864202e-200
8.943019467438633e-199
8.943019467438633e-199
9.079821974864202e-200
3.053973763539775e-199
1.0756153269105076e-198
6.68337666389651e-199
1.049669194522606e-201
6.280611490982925e-199
1.1937810887792727e-198
4.183519266877482e-199
6.881294924076277e-200
1.0499649590647121e-198
1.2261529329130374e-198
1.7838860936935893e-199
3.512108425527078e-199
1.5610318820251087e-198
1.1440215119370258e-198
1.6099586368299827e-200
9.400225259421869e-199
2.1365157240047055e-198
9.18660935865798e-199
6.998537355847293e-200
1.9725303079262312e-198
2.715705124356178e-198
5.472275825571591e-199
6.185964500888639e-199
3.637552939526869e-198
3.170142218492101e-198
1.2938059892703687e-199
2.2074830899057486e-198
6.160460452663159e-198
3.268317923641246e-198
7.001845543364156e-200
5.874883100054962e-198
9.727481083980901e-198
2.684079918047316e-198
1.5872609295813789e-198
1.3530196634303806e-197
1.4265536672794203e-197
1.236605635946301e-198
7.942200365811204e-198
2.851956542482427e-197
1.8938264660675406e-197
2.162246788194083e-201
2.7334944546948626e-197
5.625622073688211e-197
2.1273124047972745e-197
5.330948929633543e-198
7.953095187390324e-197
1.0420301306793198e-196
1.6644824107520406e-197
4.1978665512383804e-197
2.1045137235225796e-196
1.7877682720364066e-196
3.2310584106406787e-198
1.9383756919862798e-196
5.223831280759245e-196
2.7291108237472352e-196
1.689853696512651e-197
7.261509913540222e-196
1.2296680236800254e-195
3.343433618092656e-196
2.987192679255711e-196
2.4427386120126395e-195
2.735777421914756e-195
2.321443469981951e-196
2.0010951661332733e-195
7.701859762995555e-195
5.638788851930883e-195
4.0379629083843654e-199
9.98652109408587e-195
2.3198832819757504e-194
1.024002108305151e-194
2.245998371419371e-195
4.3554512085855614e-194
6.713189059499659e-194
1.4373781714795373e-194
2.723551093482527e-194
1.7670403105475063e-193
1.8558341424685903e-193
9.449174880624556e-195
1.947968910248727e-193
6.867817025397593e-193
4.803332627745323e-193
3.7658046255015966e-195
1.1416857596691136e-192
2.5932769131914587e-192
1.109918816739361e-192
3.6466382335252725e-193
6.085720553900522e-192
9.557663634628021e-192
2.0310458519917153e-192
4.680404258691834e-192
3.089939673392312e-191
3.426566435173045e-191
1.9110540450082667e-192
4.0145000566501393e-191
1.5304645863393555e-190
1.1792754910316238e-190
3.251521131356383e-193
2.934876440989507e-190
7.491283392594979e-190
3.78061637551962e-190
8.34618437398578e-191
1.993527606837755e-189
3.64706045177838e-189
1.0549574753790954e-189
1.4750475378751342e-189
1.3106887522254071e-188
1.7687079742919664e-188
2.1275853596299673e-189
1.6830558379153375e-188
8.532784981227482e-188
8.516979132592378e-188
1.2260429225851611e-189
1.6296128544050277e-187
5.57746401917605e-187
4.0339403267800024e-187
1.1735740999970519e-188
1.4707444852551881e-186
3.693744950220789e-186
1.8428222309985964e-186
6.140477099248723e-187
1.2933564722863878e-185
2.4935653161680992e-185
7.80199840110766e-186
1.1564707464419217e-185
1.1363387618724422e-184
1.7229577492377583e-184
2.794095960627567e-185
1.6459986766724963e-184
1.013576028830416e-183
1.2217227951904792e-183
6.405059810182745e-185
2.099564317901243e-183
9.282239190692833e-183
8.90330768920067e-183
7.589831834898564e-186
2.570213724571666e-182
8.803030344825426e-182
6.671161369424667e-182
2.8981027366485257e-183
3.1278816989628035e-181
8.706996022223764e-181
5.136794731244587e-181
1.2862459101407432e-181
3.864929954149887e-180
9.037862934888631e-180
4.058631262898996e-180
3.076976845719167e-180
4.917710542289907e-179
9.902512076939588e-179
3.282678353327101e-179
6.030645816302087e-179
6.509444381901587e-178
1.151769311601889e-177
2.7096588542121113e-178
1.094645087934852e-177
9.03427287281347e-177
1.4301944563371263e-176
2.2759869547338645e-177
1.941201471033925e-176
1.3229704200028818e-175
1.906967617859553e-175
1.9442989359239026e-176
3.4597745561478987e-175
2.054812810918117e-174
2.746257787882718e-174
1.7024539060961173e-175
6.301806117396793e-174
3.39961613854608e-173
4.2960597254654315e-173
1.574715167244855e-174
1.1853507811601916e-172
6.012336272627995e-172
7.338972761800916e-172
1.664992821825664e-173
2.317384883722152e-171
1.1396799157634844e-170
1.3752888353665706e-170
2.3323173562115314e-172
4.725728459328144e-170
2.3197724348904664e-169
2.836401209776605e-169
5.033747995060844e-171
1.0063134223927975e-168
5.074736740210944e-168
6.448720189602015e-168
1.6755572920715876e-169
2.2344961230390412e-167
1.1929037212843029e-166
1.615910231454256e-166
7.406100183794915e-168
5.15123872808536e-166
3.0089361774984955e-165
4.453194288711853e-165
3.752211857108846e-166
1.2226013225623114e-164
8.12126702527412e-164
1.3444253208721763e-163
2.014014909379609e-164
2.943986186859273e-163
2.335119180928558e-162
4.4222999508698965e-162
1.1113247533542598e-162
7.008962377098722e-162
7.106309525825844e-161
1.5743003305261196e-160
6.253639574522982e-161
1.5705921356584616e-160
2.267744345848952e-159
6.017861102519621e-159
3.587987656306175e-159
2.964862411999857e-159
7.487293786641598e-158
2.447772132830128e-157
2.102102494524698e-157
3.3015301961164422e-158
2.5062098258013946e-156
1.04816143843788e-155
1.2585246768595813e-155
1.2914906648715943e-159
8.226731128575551e-155
4.663002771285398e-154
7.690713326945495e-154
9.309624901689696e-155
2.488962181090172e-153
2.117603229485753e-152
4.7785987114253314e-152
1.979038249188891e-152
6.00952644812766e-152
9.568024015412744e-151
2.996561970201588e-150
2.5234777159780307e-150
6.80673319169766e-151
4.123466569643738e-149
1.8724006937736996e-148
2.6501456212914613e-148
6.239177702911917e-150
1.561078527842861e-147
1.1411161031771052e-146
2.5107781499690297e-146
9.596714524967142e-147
4.197285185188335e-146
6.531379904988172e-145
2.2075836797993296e-144
2.1957438628698465e-144
2.6359528713939373e-145
3.256514240454481e-143
1.7959403423953825e-142
3.304731871400905e-142
6.03640821218619e-143
1.1691826933517968e-141
1.3084626989009e-140
4.0435765077194507e-140
3.5548762212141175e-140
1.247901644723429e-140
7.834218657402341e-139
4.214080698157816e-138
7.960347249437491e-138
1.5835122081913423e-138
2.989259529000182e-137
3.639300079538437e-136
1.2489420891378119e-135
1.3639063474145687e-135
1.2391739255260245e-136
2.288619349362412e-134
1.518297453370037e-133
3.6568587665662515e-133
1.8447813536850553e-133
6.1651834304007275e-133
1.3585015034350022e-131
6.346584014002274e-131
1.115629356913419e-130
1.2745417432054705e-131
6.613562939080668e-130
7.674257743960018e-129
2.8476132561507445e-128
3.757270419717384e-128
2.3171290509855147e-130
5.296441351841369e-127
4.5202648440561e-126
1.4482937643216382e-125
1.5111513609426126e-125
3.6442128886000444e-126
3.966398031331837e-124
2.9249894989969333e-123
8.74040921254507e-123
8.041491425778531e-123
4.666015824327746e-123
3.00566522022495e-121
2.142663204323379e-120
6.467758718615022e-120
6.204454239247988e-120
3.241940559471252e-120
2.355805369200413e-118
1.7949156730095808e-117
5.936040836885933e-117
7.053873290188139e-117
8.993379553965447e-118
1.8642041192651806e-115
1.6974375668577197e-114
6.649961320701129e-114
1.0970436974435346e-113
3.3815533423897857e-115
1.3489786408491742e-112
1.7346268627091185e-111
8.701694466048353e-111
2.0904123944118444e-110
1.0851394142511069e-110
6.361667747670776e-110
1.738078853387653e-108
1.2361350860778071e-107
4.405057681170427e-107
6.597744950669411e-107
5.370398384504835e-110
1.3370110348484173e-105
1.68824437440593e-104
9.293608227317634e-104
2.7099517416963023e-103
2.679131505714576e-103
2.2429634761477825e-103
1.6931002497723275e-101
1.7028519272962857e-100
8.688189169408757e-100
2.435032599911945e-99
2.2122463331894916e-99
3.1171944565569425e-99
1.9118477704874186e-97
1.979137253819374e-96
1.0919074266672528e-95
3.53919206961286e-95
4.857102057310524e-95
4.363827384674954e-96
1.845956007563856e-93
2.562612054856791e-92
1.782441918999303e-91
7.76923033868474e-91
1.9550781533110676e-90
1.285591762356657e-90
6.952749539083431e-90
2.8243887546711776e-88
3.1052106156662965e-87
2.0439251224916686e-86
9.074513612923846e-86
2.4997730383122806e-85
2.3562597033001145e-85
4.4381141308888064e-85
3.0840956407337384e-83
4.147300175933893e-82
3.328102548525734e-81
1.9095002517053246e-80
7.955974986978585e-80
2.128738378801852e-79
1.8797290168686955e-79
5.456179854770502e-79
3.493507469266335e-77
5.1362821808834674e-76
4.769393692554499e-75
3.3753865099652733e-74
1.922219145134555e-73
8.77015475855112e-73
2.983616703946876e-72
5.787222301536332e-72
4.949950390555199e-73
1.4056949575670016e-70
3.8910898466472813e-69
5.300951032959368e-68
5.396938967620742e-67
4.6456757388220587e-66
3.5701177516827435e-65
2.5220559173060357e-64
1.6672199154958062e-63
1.0435407619384499e-62
6.235922683887414e-62
3.579462852575956e-61
1.9828417092793644e-60
1.0639172438553155e-59
5.545815507131137e-59
2.815277268274118e-58
1.3946427860458292e-57
6.753751412312793e-57
3.2019618152305265e-56
1.4881278730835782e-55
6.787540815181769e-55
3.0413818141783036e-54
1.3400050757240327e-53
5.809913342178979e-53
2.480717082700616e-52
1.0437984323310081e-51
4.330619852466435e-51
1.7726284860977e-50
7.162103514317155e-50
2.857739765032873e-49
1.1265564579842504e-48
4.3894191761405247e-48
1.6910195154138376e-47
6.443629647928472e-47
2.429383925051592e-46
9.065251411115756e-46
3.348946476328183e-45
1.2251817251729866e-44
4.4398617389630635e-44
1.5941222978610745e-43
5.6722862398659675e-43
2.0006673430236492e-42
6.996213773496763e-42
2.426104627573046e-41
8.344436515938355e-41
2.8471118882353554e-40
9.638458357640476e-40
3.2380112675402945e-39
1.0796575838594782e-38
3.573525896354383e-38
1.174288115635651e-37
3.831601642830608e-37
1.2415743810169331e-36
3.9958425972206475e-36
1.2774434291603496e-35
4.0571878587844317e-35
1.280292756911958e-34
4.014606845563255e-34
1.2510465599519784e-33
3.8747726056315696e-33
1.1929035651713635e-32
3.6508456041446783e-32
1.110841001495111e-31
3.3606295308082834e-31
1.0109704260300438e-30
3.0244258163427783e-30
8.99850944517053e-30
2.662911834070916e-29
7.838554196520907e-29
2.2953109695828284e-28
6.68660976230684e-28
1.9380318067162353e-27
5.589037731292297e-27
1.6038521257951964e-26
4.580067558670201e-26
1.3016316575936352e-25
3.6816342010226017e-25
1.0364692984181804e-24
2.9044359987180442e-24
8.101816188515673e-24
2.2497962583291048e-23
6.219688712468814e-23
1.7119166373129242e-22
4.6914638467003825e-22
1.2801730822584602e-21
3.47845032389054e-21
9.411990036883421e-21
2.5361615301681465e-20
6.806015831573486e-20
1.8190721932176138e-19
4.842479145832439e-19
1.2840026296840505e-18
3.391278651633728e-18
8.922347445232392e-18
2.3384666449133013e-17
6.105729389078475e-17
1.5882388663976757e-16
4.1160742931567117e-16
1.0628123519452434e-15
2.734340159874892e-15
7.009503996996768e-15
1.790510049443686e-14
4.557604091748782e-14
1.1560646628205442e-13
2.9223242908356707e-13
7.361905200816327e-13
1.848340911654472e-12
4.625069107787242e-12
1.1534869049964269e-11
2.8673397431200483e-11
7.104461990633906e-11
1.7546159318487935e-10
4.319612848837057e-10
1.0600645005454222e-9
2.5933258014753276e-9
6.324578618722957e-9
1.5376873131531963e-8
3.727162982876395e-8
9.006881635237785e-8
2.1700405816535682e-7
5.212787357795717e-7
1.2485103878825438e-6
2.9815725010788787e-6
7.0997089508525755e-6
0.00001685731484510199
0.0000399116325662298
0.00009422892311274536
0.0002218466346889831
0.0005208533144408341
0.0012195003421851445
0.002847489417075515
0.0066307958250606015
0.01539933769495581
0.03566815537081862
0.08239686923043775
0.18984594597714938
0.43627615283915505