1.
0.8837196067375241
0.7807548643460442
0.6896045550486763
0.608934040749132
0.537557075890183
0.4744195734514057
0.41858511784022345
0.3692220398381167
0.3255918879882761
0.2870391480706856
0.2529820778028442
0.22290453780687858
0.19634871235687104
0.17290862460820838
0.15222436104369738
0.13397692886622461
0.11788367813032602
0.10369422763012308
0.09118684003412753
0.08016519755530778
0.07045553463671791
0.061904088781128914
0.05437483481341262
0.04774747158720276
0.04191563347779455
0.03678530198195977
0.03227339540883394
0.028306517027048086
0.024819844161252554
0.021756142632531592
0.01906489263564122
0.016701513662792794
0.014626677437932025
0.012805699034243445
0.011207997426287556
0.009806617690507766
0.008577807926154127
0.007500644734005487
0.006556701772524198
0.0057297565191076665
0.005005530905840614
0.004371461981700335
0.003816499182877707
0.0033309251754322835
0.0029061975749838736
0.002534809151100406
0.0022101643935356955
0.0019264705571317813
0.0016786415152730244
0.0014622129411607195
0.001273267504455276
0.001108368920318043
0.0009645038206384219
0.000839030535093612
0.0007296339742992325
0.0006342859001325904
0.0005512099506512628
0.0004788508600508372
0.0004158473788433606
0.0003610084568153643
0.0003132923021633379
0.0002717879752371489
0.00023569921519958875
0.00020433023321266878
0.0001770732370041556
0.00015339747930971922
0.00013283964713470337
0.00011499543039729305
0.00009951212762376246
0.00008608216325257149
0.00007443740602134882
0.00006434419108476848
0.00005559896014213016
0.000048024444118675056
0.00004146632200181632
0.00003579029742220786
0.00003087954161372953
0.00002663245759575313
0.000022960725892678117
0.00001978759692578127
0.00001704639945713416
0.000014679238202175027
0.000012635857016175091
0.000010872646953120928
9.351781040141034e-6
8.0404598478169e-6
6.910253903017596e-6
5.9365307185117355e-6
5.097955731005251e-6
4.376057771558698e-6
3.754850861733433e-6
3.2205051548725072e-6
2.761060741900289e-6
2.366178830144843e-6
2.0269254953644006e-6
1.7355838132150638e-6
1.4854907072440193e-6
1.2708953153002162e-6
1.0868360830939961e-6
9.290341496111565e-7
7.938009004432768e-7
6.779578373290767e-7
5.787671501409033e-7
4.938715854403986e-7
4.212423872963512e-7
3.5913424457976727e-7
3.0604631730037996e-7
2.606885352472849e-7
2.2195246745653845e-7
1.8888615279047548e-7
1.60672361877821e-7
1.366098303206013e-7
1.1609706372874248e-7
9.861836793907222e-8
8.373180371267671e-8
7.105880515858615e-8
6.027523586822649e-8
5.1103686933405775e-8
4.330684724587571e-8
3.668179924987781e-8
3.1055113086953976e-8
2.6278629224381583e-8
2.2225834534961538e-8
1.878874969320116e-8
1.5875256929866775e-8
1.3406806868903167e-8
1.1316451554275633e-8
9.547158030478855e-9
8.050363118226621e-9
6.78473545581078e-9
5.715115569553534e-9
4.811608791719955e-9
4.048809346425192e-9
3.4051369475020357e-9
2.86226986128818e-9
2.4046606376653537e-9
2.019122652868397e-9
1.6944772795901647e-9
1.4212529401591252e-9
1.1914285386237613e-9
9.982148347824152e-10
8.358682412227405e-10
6.99532313770491e-10
5.85102884118226e-10
4.891133661379084e-10
4.0863726772522916e-10
3.412053694232978e-10
2.8473539941287043e-10
2.3747235026690087e-10
1.979378535094532e-10
1.6488725984045305e-10
1.3727327135977193e-10
1.1421514196073336e-10
9.497260732381203e-11
7.892383012033849e-11
6.554675213969941e-11
5.4403335667047145e-11
4.512625378394065e-11
3.740765525059637e-11
3.0989685894723554e-11
2.5656496385110454e-11
2.1227507115063724e-11
1.7551735696244352e-11
1.4503022154154813e-11
1.197601208206564e-11
9.882779400781598e-12
8.149988543741746e-12
6.716511316372562e-12
5.531426772115651e-12
4.552343552627194e-12
3.74399355301542e-12
3.077053747873749e-12
2.5271597662774113e-12
2.074080517979517e-12
1.7010280056636456e-12
1.3940805428932555e-12
1.1417010480592518e-12
9.34334997897446e-13
7.640750822645912e-13
6.243816747010624e-13
5.098499802087158e-13
4.1601619299577133e-13
3.3919623540486834e-13
2.763516910595511e-13
2.2497842112002996e-13
1.8301408841062575e-13
1.4876143205362862e-13
1.208246537106582e-13
9.805671130840535e-14
7.951568048583347e-14
6.442864915111275e-14
5.216186593343393e-14
4.219607692907896e-14
3.4106163689782174e-14
2.7544344540853266e-14
2.222632580684574e-14
1.7919893367029654e-14
1.4435521526187e-14
1.161864829429593e-14
9.343326193555131e-15
7.507007642616742e-15
6.026265473703674e-15
4.833283615622425e-15
3.8729815941093245e-15
3.100660238855316e-15
2.48007566183855e-15
1.981864867511637e-15
1.5822598423193191e-15
1.2620381247746308e-15
1.005667074537277e-15
8.0060667002125745e-16
6.367419440386569e-16
5.059213446299356e-16
4.015815736837318e-16
3.184429671380872e-16
2.5226236854873604e-16
1.9963282130424786e-16
1.5782135383482813e-16
1.2463773138392637e-16
9.832835899764717e-17
7.749059435237101e-17
6.100360802905377e-17
4.797264763885381e-17
3.768414949820813e-17
2.9569620984220965e-17
2.3176607739925415e-17
1.8145378559068047e-17
1.4190220226563702e-17
1.1084445636416325e-17
8.648390026873087e-18
6.739809438108176e-18
5.2462084706830094e-18
4.0787159814201236e-18
3.16720148616219e-18
2.4563850052502093e-18
1.902741547761149e-18
1.4720405541613551e-18
1.137392171768693e-18
8.776976622168798e-19
6.764217051972574e-19
5.206208188859977e-19
4.0017533637939234e-19
3.0718298495424403e-19
2.354806180060071e-19
1.8026745837838472e-19
1.3780865819444972e-19
1.0520233214252778e-19
8.019669462195002e-20
6.104670044178961e-20
4.640179417091244e-20
3.521812758928512e-20
2.6689998640792506e-20
2.0196371592327924e-20
1.5259215090678462e-20
1.1511089187541393e-20
8.669961537793558e-21
6.5196667210502094e-21
4.89476481806007e-21
3.668824985357849e-21
2.745371937371036e-21
2.0508999924923516e-21
1.529490222498835e-21
1.138668843030323e-21
8.462253029457933e-22
6.277713257312334e-22
4.648711839651541e-22
3.436117141486989e-22
2.535103423359076e-22
1.8668253208742865e-22
1.372080330328959e-22
1.0064923760210096e-22
7.368573677963541e-23
5.383750120789946e-23
3.9255547586767556e-23
2.856390846145165e-23
2.0740538636488052e-23
1.5027722499667812e-23
1.0864794784816349e-23
7.837709029833548e-24
5.6413043467030836e-24
4.0511258847953676e-24
2.9024200049394402e-24
2.0745076042318864e-24
1.4791813145402035e-24
1.0521075695986346e-24
7.464682337036803e-25
5.28268108247179e-25
3.728791022711347e-25
2.625005689778466e-25
1.8429696457280595e-25
1.2903519633223837e-25
9.008982168699038e-26
6.271845323242442e-26
4.353520319976659e-26
3.012894675922662e-26
2.0787241935885924e-26
1.429715335585457e-26
9.801917813377285e-27
6.698059182798273e-27
4.5617302495771396e-27
3.0961191198558695e-27
2.0939981618762727e-27
1.4111296307468262e-27
9.474342095130876e-28
6.336950505443612e-28
4.221979277165816e-28
2.8016219296363495e-28
1.851446788859124e-28
1.2183418046068099e-28
7.982304021408611e-29
5.206314623830417e-29
3.379978448104283e-29
2.1838026515353965e-29
1.403974400043652e-29
8.980017282539841e-30
5.713314746217866e-30
3.6149922356846274e-30
2.2742798517704407e-30
1.4223286423387692e-30
8.840361814453774e-31
5.459338759913088e-31
3.348776196752193e-31
2.0397334196673578e-31
1.2332595223892672e-31
7.398905933647146e-32
4.402852142808903e-32
2.5975064443064316e-32
1.5185007175563792e-32
8.791493093046118e-33
5.037575296203303e-33
2.854802398379692e-33
1.5986920073988974e-33
8.838335701973465e-34
4.8184384526795425e-34
2.5870088113362724e-34
1.365710831997883e-34
7.075480973687929e-35
3.588900796366789e-35
1.7769702500629313e-35
8.555412787186497e-36
3.984960231695042e-36
1.7830898090993623e-36
7.58732210351084e-37
3.0231151294803932e-37
1.0994695100834064e-37
3.4814954725866375e-38
8.645545297615774e-39
1.2137943724039252e-39
4.7589870303632925e-43
3.1077687627142455e-40
6.6756751746098905e-40
7.770391001150594e-40
6.96871861531679e-40
5.3576752925154875e-40
3.69406979220557e-40
2.3338508301068e-40
1.3642405173626637e-40
7.393842995854807e-41
3.6986803917888426e-41
1.6864340020174285e-41
6.831650444468255e-42
2.332529984285819e-42
5.9115893386512704e-43
7.046956703210664e-44
2.200049785042172e-45
4.907538260123165e-44
9.06599973189817e-44
1.01483170907925e-43
8.90803875087562e-44
6.675014608124251e-44
4.421175064627947e-44
2.621737631739979e-44
1.3897019804558304e-44
6.477085457290134e-45
2.5481052972617453e-45
7.661742964215152e-46
1.2807591194349433e-46
1.2367930937892735e-49
4.004945502966984e-47
9.57108661657794e-47
1.1986472408900736e-46
1.1240852920454708e-46
8.760282986972249e-47
5.898404442867744e-47
3.466607879443562e-47
1.7591877159516688e-47
7.412028224670839e-48
2.3386749600474595e-48
3.9037584442634275e-49
1.1917060471622556e-52
1.7242653273978216e-49
4.010185315012075e-49
5.054823030525853e-49
4.773180708718196e-49
3.714278608956476e-49
2.459912309996486e-49
1.3875411729013362e-49
6.469025264890256e-50
2.2823335552149316e-50
4.5703002715130495e-51
2.847378334584571e-53
1.352743386604863e-51
3.7614776214443565e-51
5.1407408331493444e-51
5.1110446551165766e-51
4.1141347100006285e-51
2.772146967046362e-51
1.5568550354334297e-51
6.962728900565648e-52
2.1565346887102253e-52
2.5804238783645717e-53
4.5110369591163786e-54
4.819744732594568e-53
9.244459841001877e-53
1.1053978089171132e-52
1.0143819121216926e-52
7.608556595516944e-53
4.70932945426075e-53
2.3252911233408865e-53
8.158064456479777e-54
1.300901728310166e-54
4.934820865130965e-56
1.420031170839108e-54
3.1570263286373233e-54
4.0862174996702054e-54
3.963682740629697e-54
3.098233584385201e-54
1.9721649271540191e-54
9.828588134989474e-55
3.337253665410235e-55
4.223622541034122e-56
9.489434355424332e-57
1.0048035671910444e-55
2.0316318973248116e-55
2.553039246438551e-55
2.4355483273642514e-55
1.8657095749947495e-55
1.1439388670277518e-55
5.255104489022642e-56
1.4312609444951698e-56
4.36596524290058e-58
3.4890760247282755e-57
1.343599900400381e-56
2.2063067160691046e-56
2.5122193713542486e-56
2.2301070919631167e-56
1.5825798327430344e-56
8.680709120908047e-57
3.205785868712139e-57
4.299831794769332e-58
1.1707592668928208e-58
1.260489151400414e-57
2.6967493890573834e-57
3.576995331674492e-57
3.5726462594054825e-57
2.826087561799944e-57
1.74460613884598e-57
7.609883977294441e-58
1.5810392165179524e-58
2.3394203112495196e-60
1.781559291208834e-58
4.8169508153029196e-58
7.219461332643995e-58
7.896700171405517e-58
6.770219676543804e-58
4.53534893694571e-58
2.187599160231509e-58
5.531700374255482e-59
2.0769860967007078e-62
3.9693380064492445e-59
1.2745741168175767e-58
2.0857615693591326e-58
2.43770460546046e-58
2.2154349686821943e-58
1.5702913709932056e-58
8.05395858972039e-59
2.230330958204728e-59
9.683617977068256e-62
1.4105571610190083e-59
4.976571110908456e-59
8.610267883708062e-59
1.0534801121777406e-58
9.978954640906726e-59
7.351837035484694e-59
3.909494700925862e-59
1.117029789599775e-59
4.2382075442941185e-62
7.781140878694906e-60
2.821373842551245e-59
5.036244058407761e-59
6.357255203118478e-59
6.205086305105151e-59
4.697820232626985e-59
2.550282072921808e-59
7.255101328710128e-60
4.669500785580616e-63
6.340920842209335e-60
2.2735773346179124e-59
4.129314434074767e-59
5.3351914083003465e-59
5.3351914083003465e-59
4.129314434074767e-59
2.2735773346179124e-59
6.340920842209335e-60
4.669500785580616e-63
7.255101328710128e-60
2.550282072921808e-59
4.697820232626985e-59
6.205086305105151e-59
6.357255203118478e-59
5.036244058407761e-59
2.821373842551245e-59
7.781140878694906e-60
4.2382075442941185e-62
1.117029789599775e-59
3.909494700925862e-59
7.351837035484694e-59
9.978954640906726e-59
1.0534801121777406e-58
8.610267883708062e-59
4.976571110908456e-59
1.4105571610190083e-59
9.683617977068256e-62
2.230330958204728e-59
8.05395858972039e-59
1.5702913709932056e-58
2.2154349686821943e-58
2.43770460546046e-58
2.0857615693591326e-58
1.2745741168175767e-58
3.9693380064492445e-59
2.0769860967007078e-62
5.531700374255482e-59
2.187599160231509e-58
4.53534893694571e-58
6.770219676543804e-58
7.896700171405517e-58
7.219461332643995e-58
4.8169508153029196e-58
1.781559291208834e-58
2.3394203112495196e-60
1.5810392165179524e-58
7.609883977294441e-58
1.74460613884598e-57
2.826087561799944e-57
3.5726462594054825e-57
3.576995331674492e-57
2.6967493890573834e-57
1.260489151400414e-57
1.1707592668928208e-58
4.299831794769332e-58
3.205785868712139e-57
8.680709120908047e-57
1.5825798327430344e-56
2.2301070919631167e-56
2.5122193713542486e-56
2.2063067160691046e-56
1.343599900400381e-56
3.4890760247282755e-57
4.36596524290058e-58
1.4312609444951698e-56
5.255104489022642e-56
1.1439388670277518e-55
1.8657095749947495e-55
2.4355483273642514e-55
2.553039246438551e-55
2.0316318973248116e-55
1.0048035671910444e-55
9.489434355424332e-57
4.223622541034122e-56
3.337253665410235e-55
9.828588134989474e-55
1.9721649271540191e-54
3.098233584385201e-54
3.963682740629697e-54
4.0862174996702054e-54
3.1570263286373233e-54
1.420031170839108e-54
4.934820865130965e-56
1.300901728310166e-54
8.158064456479777e-54
2.3252911233408865e-53
4.70932945426075e-53
7.608556595516944e-53
1.0143819121216926e-52
1.1053978089171132e-52
9.244459841001877e-53
4.819744732594568e-53
4.5110369591163786e-54
2.5804238783645717e-53
2.1565346887102253e-52
6.962728900565648e-52
1.5568550354334297e-51
2.772146967046362e-51
4.1141347100006285e-51
5.1110446551165766e-51
5.1407408331493444e-51
3.7614776214443565e-51
1.352743386604863e-51
2.847378334584571e-53
4.5703002715130495e-51
2.2823335552149316e-50
6.469025264890256e-50
1.3875411729013362e-49
2.459912309996486e-49
3.714278608956476e-49
4.773180708718196e-49
5.054823030525853e-49
4.010185315012075e-49
1.7242653273978216e-49
1.1917060471622556e-52
3.9037584442634275e-49
2.3386749600474595e-48
7.412028224670839e-48
1.7591877159516688e-47
3.466607879443562e-47
5.898404442867744e-47
8.760282986972249e-47
1.1240852920454708e-46
1.1986472408900736e-46
9.57108661657794e-47
4.004945502966984e-47
1.2367930937892735e-49
1.2807591194349433e-46
7.661742964215152e-46
2.5481052972617453e-45
6.477085457290134e-45
1.3897019804558304e-44
2.621737631739979e-44
4.421175064627947e-44
6.675014608124251e-44
8.90803875087562e-44
1.01483170907925e-43
9.06599973189817e-44
4.907538260123165e-44
2.200049785042172e-45
7.046956703210664e-44
5.9115893386512704e-43
2.332529984285819e-42
6.831650444468255e-42
1.6864340020174285e-41
3.6986803917888426e-41
7.393842995854807e-41
1.3642405173626637e-40
2.3338508301068e-40
3.69406979220557e-40
5.3576752925154875e-40
6.96871861531679e-40
7.770391001150594e-40
6.6756751746098905e-40
3.1077687627142455e-40
4.7589870303632925e-43
1.2137943724039252e-39
8.645545297615774e-39
3.4814954725866375e-38
1.0994695100834064e-37
3.0231151294803932e-37
7.58732210351084e-37
1.7830898090993623e-36
3.984960231695042e-36
8.555412787186497e-36
1.7769702500629313e-35
3.588900796366789e-35
7.075480973687929e-35
1.365710831997883e-34
2.5870088113362724e-34
4.8184384526795425e-34
8.838335701973465e-34
1.5986920073988974e-33
2.854802398379692e-33
5.037575296203303e-33
8.791493093046118e-33
1.5185007175563792e-32
2.5975064443064316e-32
4.402852142808903e-32
7.398905933647146e-32
1.2332595223892672e-31
2.0397334196673578e-31
3.348776196752193e-31
5.459338759913088e-31
8.840361814453774e-31
1.4223286423387692e-30
2.2742798517704407e-30
3.6149922356846274e-30
5.713314746217866e-30
8.980017282539841e-30
1.403974400043652e-29
2.1838026515353965e-29
3.379978448104283e-29
5.206314623830417e-29
7.982304021408611e-29
1.2183418046068099e-28
1.851446788859124e-28
2.8016219296363495e-28
4.221979277165816e-28
6.336950505443612e-28
9.474342095130876e-28
1.4111296307468262e-27
2.0939981618762727e-27
3.0961191198558695e-27
4.5617302495771396e-27
6.698059182798273e-27
9.801917813377285e-27
1.429715335585457e-26
2.0787241935885924e-26
3.012894675922662e-26
4.353520319976659e-26
6.271845323242442e-26
9.008982168699038e-26
1.2903519633223837e-25
1.8429696457280595e-25
2.625005689778466e-25
3.728791022711347e-25
5.28268108247179e-25
7.464682337036803e-25
1.0521075695986346e-24
1.4791813145402035e-24
2.0745076042318864e-24
2.9024200049394402e-24
4.0511258847953676e-24
5.6413043467030836e-24
7.837709029833548e-24
1.0864794784816349e-23
1.5027722499667812e-23
2.0740538636488052e-23
2.856390846145165e-23
3.9255547586767556e-23
5.383750120789946e-23
7.368573677963541e-23
1.0064923760210096e-22
1.372080330328959e-22
1.8668253208742865e-22
2.535103423359076e-22
3.436117141486989e-22
4.648711839651541e-22
6.277713257312334e-22
8.462253029457933e-22
1.138668843030323e-21
1.529490222498835e-21
2.0508999924923516e-21
2.745371937371036e-21
3.668824985357849e-21
4.89476481806007e-21
6.5196667210502094e-21
8.669961537793558e-21
1.1511089187541393e-20
1.5259215090678462e-20
2.0196371592327924e-20
2.6689998640792506e-20
3.521812758928512e-20
4.640179417091244e-20
6.104670044178961e-20
8.019669462195002e-20
1.0520233214252778e-19
1.3780865819444972e-19
1.8026745837838472e-19
2.354806180060071e-19
3.0718298495424403e-19
4.0017533637939234e-19
5.206208188859977e-19
6.764217051972574e-19
8.776976622168798e-19
1.137392171768693e-18
1.4720405541613551e-18
1.902741547761149e-18
2.4563850052502093e-18
3.16720148616219e-18
4.0787159814201236e-18
5.2462084706830094e-18
6.739809438108176e-18
8.648390026873087e-18
1.1084445636416325e-17
1.4190220226563702e-17
1.8145378559068047e-17
2.3176607739925415e-17
2.9569620984220965e-17
3.768414949820813e-17
4.797264763885381e-17
6.100360802905377e-17
7.749059435237101e-17
9.832835899764717e-17
1.2463773138392637e-16
1.5782135383482813e-16
1.9963282130424786e-16
2.5226236854873604e-16
3.184429671380872e-16
4.015815736837318e-16
5.059213446299356e-16
6.367419440386569e-16
8.0060667002125745e-16
1.005667074537277e-15
1.2620381247746308e-15
1.5822598423193191e-15
1.981864867511637e-15
2.48007566183855e-15
3.100660238855316e-15
3.8729815941093245e-15
4.833283615622425e-15
6.026265473703674e-15
7.507007642616742e-15
9.343326193555131e-15
1.161864829429593e-14
1.4435521526187e-14
1.7919893367029654e-14
2.222632580684574e-14
2.7544344540853266e-14
3.4106163689782174e-14
4.219607692907896e-14
5.216186593343393e-14
6.442864915111275e-14
7.951568048583347e-14
9.805671130840535e-14
1.208246537106582e-13
1.4876143205362862e-13
1.8301408841062575e-13
2.2497842112002996e-13
2.763516910595511e-13
3.3919623540486834e-13
4.1601619299577133e-13
5.098499802087158e-13
6.243816747010624e-13
7.640750822645912e-13
9.34334997897446e-13
1.1417010480592518e-12
1.3940805428932555e-12
1.7010280056636456e-12
2.074080517979517e-12
2.5271597662774113e-12
3.077053747873749e-12
3.74399355301542e-12
4.552343552627194e-12
5.531426772115651e-12
6.716511316372562e-12
8.149988543741746e-12
9.882779400781598e-12
1.197601208206564e-11
1.4503022154154813e-11
1.7551735696244352e-11
2.1227507115063724e-11
2.5656496385110454e-11
3.0989685894723554e-11
3.740765525059637e-11
4.512625378394065e-11
5.4403335667047145e-11
6.554675213969941e-11
7.892383012033849e-11
9.497260732381203e-11
1.1421514196073336e-10
1.3727327135977193e-10
1.6488725984045305e-10
1.979378535094532e-10
2.3747235026690087e-10
2.8473539941287043e-10
3.412053694232978e-10
4.0863726772522916e-10
4.891133661379084e-10
5.85102884118226e-10
6.99532313770491e-10
8.358682412227405e-10
9.982148347824152e-10
1.1914285386237613e-9
1.4212529401591252e-9
1.6944772795901647e-9
2.019122652868397e-9
2.4046606376653537e-9
2.86226986128818e-9
3.4051369475020357e-9
4.048809346425192e-9
4.811608791719955e-9
5.715115569553534e-9
6.78473545581078e-9
8.050363118226621e-9
9.547158030478855e-9
1.1316451554275633e-8
1.3406806868903167e-8
1.5875256929866775e-8
1.878874969320116e-8
2.2225834534961538e-8
2.6278629224381583e-8
3.1055113086953976e-8
3.668179924987781e-8
4.330684724587571e-8
5.1103686933405775e-8
6.027523586822649e-8
7.105880515858615e-8
8.373180371267671e-8
9.861836793907222e-8
1.1609706372874248e-7
1.366098303206013e-7
1.60672361877821e-7
1.8888615279047548e-7
2.2195246745653845e-7
2.606885352472849e-7
3.0604631730037996e-7
3.5913424457976727e-7
4.212423872963512e-7
4.938715854403986e-7
5.787671501409033e-7
6.779578373290767e-7
7.938009004432768e-7
9.290341496111565e-7
1.0868360830939961e-6
1.2708953153002162e-6
1.4854907072440193e-6
1.7355838132150638e-6
2.0269254953644006e-6
2.366178830144843e-6
2.761060741900289e-6
3.2205051548725072e-6
3.754850861733433e-6
4.376057771558698e-6
5.097955731005251e-6
5.9365307185117355e-6
6.910253903017596e-6
8.0404598478169e-6
9.351781040141034e-6
0.000010872646953120928
0.000012635857016175091
0.000014679238202175027
0.00001704639945713416
0.00001978759692578127
0.000022960725892678117
0.00002663245759575313
0.00003087954161372953
0.00003579029742220786
0.00004146632200181632
0.000048024444118675056
0.00005559896014213016
0.00006434419108476848
0.00007443740602134882
0.00008608216325257149
0.00009951212762376246
0.00011499543039729305
0.00013283964713470337
0.00015339747930971922
0.0001770732370041556
0.00020433023321266878
0.00023569921519958875
0.0002717879752371489
0.0003132923021633379
0.0003610084568153643
0.0004158473788433606
0.0004788508600508372
0.0005512099506512628
0.0006342859001325904
0.0007296339742992325
0.000839030535093612
0.0009645038206384219
0.001108368920318043
0.001273267504455276
0.0014622129411607195
0.0016786415152730244
0.0019264705571317813
0.0022101643935356955
0.002534809151100406
0.0029061975749838736
0.0033309251754322835
0.003816499182877707
0.004371461981700335
0.005005530905840614
0.0057297565191076665
0.006556701772524198
0.007500644734005487
0.008577807926154127
0.009806617690507766
0.011207997426287556
0.012805699034243445
0.014626677437932025
0.016701513662792794
0.01906489263564122
0.021756142632531592
0.024819844161252554
0.028306517027048086
0.03227339540883394
0.03678530198195977
0.04191563347779455
0.04774747158720276
0.05437483481341262
0.061904088781128914
0.07045553463671791
0.08016519755530778
0.09118684003412753
0.10369422763012308
0.11788367813032602
0.13397692886622461
0.15222436104369738
0.17290862460820838
0.19634871235687104
0.22290453780687858
0.2529820778028442
0.2870391480706856
0.3255918879882761
0.3692220398381167
0.41858511784022345
0.4744195734514057
0.537557075890183
0.608934040749132
0.6896045550486763
0.7807548643460442
0.8837196067375241