1.
0.7398789499976807
0.5470361447566071
0.4041704041257629
0.2984039525661931
0.22015808584730998
0.16231293577328992
0.11957997323731445
0.08803370655191918
0.0647624272164309
0.04760791959646976
0.03497160762289226
0.02567028158415342
0.01882879955797182
0.013800343716201436
0.010107197189373468
0.007396792186419319
0.005409114847967246
0.003952549735712718
0.0028859916721939603
0.0021056084333203437
0.001535052240248656
0.001118226824574408
0.0008139468030724134
0.0005919972127484959
0.0004302282915132748
0.0003124151284508155
0.00022668200139894693
0.00016434329947095634
0.00011905154023617049
0.00008617159718966709
0.00006232143022258922
0.000045035277599156984
0.000032516848065889614
0.00002345860526394928
0.000016909549822493063
0.000012178560616610723
8.763788005569677e-6
6.3011186503134e-6
4.5265907543350305e-6
3.2490055670666743e-6
2.3299852737775305e-6
1.6694646288754976e-6
1.195144454299957e-6
8.54831463029362e-7
6.108791201008211e-7
4.361566442590838e-7
3.111285433098917e-7
2.2174052436608774e-7
1.5789043254953134e-7
1.123232714716388e-7
7.983337527813705e-8
5.6688852405911236e-8
4.021673894362269e-8
2.8504249646539532e-8
2.0183825633546834e-8
1.4278611685769132e-8
1.0091473694073555e-8
7.125359432585501e-9
5.026202395997197e-9
3.542024747287126e-9
2.49367020369799e-9
1.7538789057111647e-9
1.2323404034929714e-9
8.650268074858508e-10
6.065875837510815e-10
4.249323381180005e-10
2.9737577225787115e-10
2.078969432139559e-10
1.451926070317874e-10
1.012959096961102e-10
7.059719037325455e-11
4.915051738045905e-11
3.4183062727454195e-11
2.3748328809995276e-11
1.6481294005038804e-11
1.1425696071296038e-11
7.912323535437513e-12
5.4733381918607055e-12
3.782023637264489e-12
2.610457939084829e-12
1.7998090377848864e-12
1.2395103228796512e-12
8.526769957209246e-13
5.859037433590847e-13
4.0213505954289355e-13
2.756881595759498e-13
1.887823261363638e-13
1.2912135842856314e-13
8.821142232181099e-14
6.019188672606899e-14
4.102360748413091e-14
2.7926005698473264e-14
1.8987122736367466e-14
1.2893804723089262e-14
8.745221281349988e-15
5.924128128942962e-15
4.008095892963582e-15
2.708368978342108e-15
1.8278039970481376e-15
1.23196799942336e-15
8.293028177056746e-16
5.575279055419788e-16
3.743308547684489e-16
2.510012757291565e-16
1.6808277236214957e-16
1.1240692732984995e-16
7.50725420685098e-17
5.007060668195916e-17
3.334983783772648e-17
2.218243083409563e-17
1.4734127245097542e-17
9.773156163931143e-18
6.473447207662197e-18
4.281755613511642e-18
2.828060595308829e-18
1.865224555433203e-18
1.228412018587686e-18
8.078344660229065e-19
5.304700714808783e-19
3.4781980425406454e-19
2.277179616159206e-19
1.4886219001583232e-19
9.71650661510212e-20
6.332408799933318e-20
4.120549328072781e-20
2.6770897013250018e-20
1.7365469415127333e-20
1.1246567892375823e-20
7.272058428446509e-21
4.6945338876736514e-21
3.0256533739149115e-21
1.9468440086091564e-21
1.2506104126135425e-21
8.020202701549649e-22
5.13469300043468e-22
3.2817293728230243e-22
2.0938395245881473e-22
1.3336119109149085e-22
8.479182131262361e-23
5.381579465215748e-23
3.4094913936312875e-23
2.156185489804567e-23
1.3611056241357402e-23
8.576283130048368e-24
5.393866802808947e-24
3.386002490461528e-24
2.1215450698524414e-24
1.3267436917523364e-24
8.281009517201546e-25
5.158608578632213e-25
3.207201999138321e-25
1.9900122442854755e-25
1.2322872979892432e-25
7.615280640987075e-26
4.696435171313607e-26
2.890345884258229e-26
1.775091646713066e-26
1.08785609380599e-26
6.652606926654293e-27
4.059493702365483e-27
2.4717305327685433e-27
1.5016511683380629e-27
9.102588552402915e-28
5.505258299752641e-28
3.321973876387219e-28
1.9999033619455926e-28
1.2011698291198588e-28
7.197314874105185e-29
4.302244585412584e-29
2.565463007961445e-29
1.5260535503739906e-29
9.055118907962027e-30
5.3595167281775105e-30
3.1641030261790924e-30
1.863181776225736e-30
1.0942719327366482e-30
6.4098250556435385e-31
3.7445798618997092e-31
2.181628448255099e-31
1.2675457565600871e-31
7.344051015264586e-32
4.2430732063454943e-32
2.4444512029269104e-32
1.4041742573631755e-32
8.042327688145399e-33
4.5924614479012746e-33
2.614530208237192e-33
1.4839083964215396e-33
8.395879099306383e-34
4.735335399990891e-34
2.662196221167228e-34
1.491807551227157e-34
8.331956930589903e-35
4.6378865343768554e-35
2.5728167099197354e-35
1.4222935262833172e-35
7.834956144093812e-36
4.300563625209836e-36
2.3519569263972547e-36
1.2815081897193532e-36
6.956221545108485e-37
3.761459948929366e-37
2.0260050631022444e-37
1.0869126550177515e-37
5.807466128977491e-38
3.090177119093547e-38
1.637382727169249e-38
8.63875947760912e-39
4.53784577268583e-39
2.3730485299007815e-39
1.2353268131376309e-39
6.400791070226003e-40
3.3007937985064826e-40
1.6939112610752722e-40
8.649738898282881e-41
4.394463456767198e-41
2.220994001370404e-41
1.1165374315003786e-41
5.5824730618247514e-42
2.7755411689879542e-42
1.3720615222910095e-42
6.7427685700555164e-43
3.2936085595049377e-43
1.5988259526517035e-43
7.711663319669547e-44
3.6951337852896105e-44
1.7585714827562907e-44
8.31083407151278e-45
3.8992833166397394e-45
1.815827934937155e-45
8.39075364292483e-46
3.8462894523654724e-46
1.7485044032170438e-46
7.880139573046107e-47
3.519576471805444e-47
1.5572912009041457e-47
6.823240181032906e-48
2.9590618260157474e-48
1.2695246675993267e-48
5.385300843946919e-49
2.25731111083792e-49
9.342959313127851e-50
3.8154877307474325e-50
1.5360436837560236e-50
6.089825704565433e-51
2.3749016826462854e-51
9.097718507960627e-52
3.417938548522777e-52
1.2568996950979492e-52
4.5135487586075e-53
1.5781424709776217e-53
5.35268086036643e-54
1.7526215913571062e-54
5.503719439181121e-55
1.6424079981473774e-55
4.594471647847743e-56
1.1788973916352217e-56
2.6703437014669e-57
4.9358477924932576e-58
6.025527776473134e-59
1.5248316778556477e-60
1.6787704505371125e-60
3.782324946918691e-60
3.262184362866194e-60
1.9966793443307088e-60
1.0053853593894954e-60
4.3995308015987345e-61
1.7093144541664275e-61
5.916152746210956e-62
1.802214849850442e-62
4.670425206874357e-63
9.490385896066665e-64
1.1902808978920348e-64
1.8631302841237466e-66
6.187654024051524e-66
1.199320595490154e-65
1.0011092002083593e-65
5.939847123730771e-66
2.841704854153857e-66
1.1420550154508276e-66
3.865852332575287e-67
1.0670274839740643e-67
2.1746460603345266e-68
2.3229981442158105e-69
2.1431072965107803e-73
3.881037985177523e-70
5.530180499344753e-70
4.1736440148061646e-70
2.3007396217198898e-70
1.0100897300753331e-70
3.5824776491766834e-71
9.864810935870783e-72
1.8241288634206506e-72
1.1817825462307084e-73
2.023475643691214e-74
1.0028711609187314e-73
1.067970325468365e-73
7.074382841184504e-74
3.5044317246440896e-74
1.3531800396360075e-74
3.9422400592319213e-75
7.416759910456215e-76
4.146783901427594e-77
1.4928304775134766e-77
5.733529053281431e-77
5.88097926170496e-77
3.799812557679899e-77
1.8101920890492314e-77
6.485583984674897e-78
1.6114348075164364e-78
1.934851762931648e-79
5.17462582133097e-82
5.1637130962797806e-80
7.496609674898137e-80
5.72005681322427e-80
3.0418892228003696e-80
1.1857070896173382e-80
3.1647729616339313e-81
4.0979460201822206e-82
5.400224071529951e-85
1.0867713413183814e-82
1.6491913085934294e-82
1.2847718331465393e-82
6.84572377757568e-83
2.5987936046201752e-83
6.330266931325392e-84
5.601634848532407e-85
6.940926508459105e-86
4.9135331140452265e-85
5.907127135543842e-85
4.1111258182878647e-85
1.972784324076291e-85
6.423566732061479e-86
1.1092862859956572e-86
8.318006899182574e-89
1.6906839518118283e-87
3.340213932316486e-87
2.920550480118087e-87
1.656736456291481e-87
6.381291233595152e-88
1.433120856623326e-88
6.61195968022874e-90
8.106089867639068e-90
2.5613849152966787e-89
2.6404054756172832e-89
1.6653532829809983e-89
7.019198583454744e-90
1.7499782903732479e-90
1.1078005031894457e-91
7.181035721087087e-92
2.8392507053330775e-91
3.1443545250677426e-91
2.0676011835119737e-91
8.917884041546404e-92
2.2088338284547007e-92
1.1582602027449216e-93
1.3345271732866473e-93
4.575925218639967e-93
4.927499029887522e-93
3.1684728720254336e-93
1.3086303086343835e-93
2.8619812454856594e-94
5.32948059144286e-96
4.226095464568361e-95
1.0196660461708563e-94
9.867364683107683e-95
5.845078044683312e-95
2.1449854885402203e-95
3.4420960061535908e-96
3.075648924384275e-98
1.7577240968142639e-96
2.9152786421763998e-96
2.409434997239215e-96
1.2400457160270222e-96
3.6379727342565456e-97
2.6443772544972322e-98
1.921462265766691e-98
8.367716379322087e-98
9.952344592653665e-98
6.775713199199783e-98
2.815630565297881e-98
5.337747478774661e-99
3.6010781999940926e-102
2.2920287864414528e-99
4.300877537536992e-99
3.807811353053828e-99
2.043805521261737e-99
5.999695905296432e-100
3.3551102858121814e-101
5.4924029547260254e-101
1.9965829693138963e-100
2.3057067555554665e-100
1.529242378128214e-100
5.919786596936303e-101
8.331901477702214e-102
8.322732769478728e-103
1.0145132378483319e-101
1.5509887745647964e-101
1.2383657313144163e-101
5.8645357274328645e-102
1.269849608933095e-102
1.3101369823500821e-108
5.73490914352487e-103
1.1856311542659471e-102
1.1178736081822123e-102
6.195000434919179e-103
1.7417254442456525e-103
4.3118435530331646e-105
3.6726225871062586e-104
1.0489562658694739e-103
1.1471231262922019e-103
7.20930197163247e-104
2.4183579039154924e-104
1.5300630736943642e-105
2.7312679431091178e-105
1.0903889940394745e-104
1.3561758064070366e-104
9.423776324544324e-105
3.5807849878860844e-105
3.4710340891842763e-106
2.444929441432725e-106
1.3477971768828578e-105
1.8637661881893197e-105
1.400287803818223e-105
5.80898355960161e-106
7.07710097288396e-107
2.7624693003076945e-107
1.9976007576981823e-106
2.9934613699735593e-106
2.382125305633519e-106
1.0481183645997248e-106
1.4378119909308307e-107
4.136915307642007e-108
3.564603846157431e-107
5.632696844201751e-107
4.6571310878875004e-107
2.1208270527929148e-107
3.033053949036803e-108
8.445868431316762e-109
7.655817623810925e-108
1.2417225064763072e-107
1.0478468085708539e-107
4.832300819885507e-108
6.747041314899037e-109
2.3275192339308916e-109
1.9707222581370985e-108
3.2011119964022535e-108
2.7125869946356436e-108
1.2413287355272842e-108
1.5826428965440992e-109
8.307166079202746e-110
6.038147997559152e-109
9.620549358618816e-109
8.067653213268519e-109
3.591926883874961e-109
3.857328366418007e-110
3.6538192302629784e-110
2.183906902748117e-109
3.357902585671367e-109
2.750612468812271e-109
1.1678032694934382e-109
9.413084853823559e-111
1.9019934521918006e-110
9.246446935891225e-110
1.3556526837049454e-109
1.072211756936287e-109
4.248482821063603e-110
2.106987549743701e-111
1.1410243053378204e-110
4.547849595637694e-110
6.305752971101528e-110
4.7650166611654016e-110
1.7194947596458094e-110
3.323704661978405e-112
7.769384093035347e-111
2.5818245231825232e-110
3.367376042831927e-110
2.407308556944951e-110
7.680310868229725e-111
4.591635130032023e-114
5.9579494909730885e-111
1.6831352815029368e-110
2.0582643502785067e-110
1.378699985762403e-110
3.742731312728804e-111
6.902067016197384e-113
5.128043283356149e-111
1.255259169727325e-110
1.4365660158124154e-110
8.927588737220122e-111
1.955618740336139e-111
2.6661160223891475e-112
4.949496593881361e-111
1.068162492358155e-110
1.1429326211888148e-110
6.520365290480265e-111
1.0644848447752967e-111
5.715501596622729e-112
5.359743372154942e-111
1.0355145129304962e-110
1.0355145129304962e-110
5.359743372154942e-111
5.715501596622729e-112
1.0644848447752967e-111
6.520365290480265e-111
1.1429326211888148e-110
1.068162492358155e-110
4.949496593881361e-111
2.6661160223891475e-112
1.955618740336139e-111
8.927588737220122e-111
1.4365660158124154e-110
1.255259169727325e-110
5.128043283356149e-111
6.902067016197384e-113
3.742731312728804e-111
1.378699985762403e-110
2.0582643502785067e-110
1.6831352815029368e-110
5.9579494909730885e-111
4.591635130032023e-114
7.680310868229725e-111
2.407308556944951e-110
3.367376042831927e-110
2.5818245231825232e-110
7.769384093035347e-111
3.323704661978405e-112
1.7194947596458094e-110
4.7650166611654016e-110
6.305752971101528e-110
4.547849595637694e-110
1.1410243053378204e-110
2.106987549743701e-111
4.248482821063603e-110
1.072211756936287e-109
1.3556526837049454e-109
9.246446935891225e-110
1.9019934521918006e-110
9.413084853823559e-111
1.1678032694934382e-109
2.750612468812271e-109
3.357902585671367e-109
2.183906902748117e-109
3.6538192302629784e-110
3.857328366418007e-110
3.591926883874961e-109
8.067653213268519e-109
9.620549358618816e-109
6.038147997559152e-109
8.307166079202746e-110
1.5826428965440992e-109
1.2413287355272842e-108
2.7125869946356436e-108
3.2011119964022535e-108
1.9707222581370985e-108
2.3275192339308916e-109
6.747041314899037e-109
4.832300819885507e-108
1.0478468085708539e-107
1.2417225064763072e-107
7.655817623810925e-108
8.445868431316762e-109
3.033053949036803e-108
2.1208270527929148e-107
4.6571310878875004e-107
5.632696844201751e-107
3.564603846157431e-107
4.136915307642007e-108
1.4378119909308307e-107
1.0481183645997248e-106
2.382125305633519e-106
2.9934613699735593e-106
1.9976007576981823e-106
2.7624693003076945e-107
7.07710097288396e-107
5.80898355960161e-106
1.400287803818223e-105
1.8637661881893197e-105
1.3477971768828578e-105
2.444929441432725e-106
3.4710340891842763e-106
3.5807849878860844e-105
9.423776324544324e-105
1.3561758064070366e-104
1.0903889940394745e-104
2.7312679431091178e-105
1.5300630736943642e-105
2.4183579039154924e-104
7.20930197163247e-104
1.1471231262922019e-103
1.0489562658694739e-103
3.6726225871062586e-104
4.3118435530331646e-105
1.7417254442456525e-103
6.195000434919179e-103
1.1178736081822123e-102
1.1856311542659471e-102
5.73490914352487e-103
1.3101369823500821e-108
1.269849608933095e-102
5.8645357274328645e-102
1.2383657313144163e-101
1.5509887745647964e-101
1.0145132378483319e-101
8.322732769478728e-103
8.331901477702214e-102
5.919786596936303e-101
1.529242378128214e-100
2.3057067555554665e-100
1.9965829693138963e-100
5.4924029547260254e-101
3.3551102858121814e-101
5.999695905296432e-100
2.043805521261737e-99
3.807811353053828e-99
4.300877537536992e-99
2.2920287864414528e-99
3.6010781999940926e-102
5.337747478774661e-99
2.815630565297881e-98
6.775713199199783e-98
9.952344592653665e-98
8.367716379322087e-98
1.921462265766691e-98
2.6443772544972322e-98
3.6379727342565456e-97
1.2400457160270222e-96
2.409434997239215e-96
2.9152786421763998e-96
1.7577240968142639e-96
3.075648924384275e-98
3.4420960061535908e-96
2.1449854885402203e-95
5.845078044683312e-95
9.867364683107683e-95
1.0196660461708563e-94
4.226095464568361e-95
5.32948059144286e-96
2.8619812454856594e-94
1.3086303086343835e-93
3.1684728720254336e-93
4.927499029887522e-93
4.575925218639967e-93
1.3345271732866473e-93
1.1582602027449216e-93
2.2088338284547007e-92
8.917884041546404e-92
2.0676011835119737e-91
3.1443545250677426e-91
2.8392507053330775e-91
7.181035721087087e-92
1.1078005031894457e-91
1.7499782903732479e-90
7.019198583454744e-90
1.6653532829809983e-89
2.6404054756172832e-89
2.5613849152966787e-89
8.106089867639068e-90
6.61195968022874e-90
1.433120856623326e-88
6.381291233595152e-88
1.656736456291481e-87
2.920550480118087e-87
3.340213932316486e-87
1.6906839518118283e-87
8.318006899182574e-89
1.1092862859956572e-86
6.423566732061479e-86
1.972784324076291e-85
4.1111258182878647e-85
5.907127135543842e-85
4.9135331140452265e-85
6.940926508459105e-86
5.601634848532407e-85
6.330266931325392e-84
2.5987936046201752e-83
6.84572377757568e-83
1.2847718331465393e-82
1.6491913085934294e-82
1.0867713413183814e-82
5.400224071529951e-85
4.0979460201822206e-82
3.1647729616339313e-81
1.1857070896173382e-80
3.0418892228003696e-80
5.72005681322427e-80
7.496609674898137e-80
5.1637130962797806e-80
5.17462582133097e-82
1.934851762931648e-79
1.6114348075164364e-78
6.485583984674897e-78
1.8101920890492314e-77
3.799812557679899e-77
5.88097926170496e-77
5.733529053281431e-77
1.4928304775134766e-77
4.146783901427594e-77
7.416759910456215e-76
3.9422400592319213e-75
1.3531800396360075e-74
3.5044317246440896e-74
7.074382841184504e-74
1.067970325468365e-73
1.0028711609187314e-73
2.023475643691214e-74
1.1817825462307084e-73
1.8241288634206506e-72
9.864810935870783e-72
3.5824776491766834e-71
1.0100897300753331e-70
2.3007396217198898e-70
4.1736440148061646e-70
5.530180499344753e-70
3.881037985177523e-70
2.1431072965107803e-73
2.3229981442158105e-69
2.1746460603345266e-68
1.0670274839740643e-67
3.865852332575287e-67
1.1420550154508276e-66
2.841704854153857e-66
5.939847123730771e-66
1.0011092002083593e-65
1.199320595490154e-65
6.187654024051524e-66
1.8631302841237466e-66
1.1902808978920348e-64
9.490385896066665e-64
4.670425206874357e-63
1.802214849850442e-62
5.916152746210956e-62
1.7093144541664275e-61
4.3995308015987345e-61
1.0053853593894954e-60
1.9966793443307088e-60
3.262184362866194e-60
3.782324946918691e-60
1.6787704505371125e-60
1.5248316778556477e-60
6.025527776473134e-59
4.9358477924932576e-58
2.6703437014669e-57
1.1788973916352217e-56
4.594471647847743e-56
1.6424079981473774e-55
5.503719439181121e-55
1.7526215913571062e-54
5.35268086036643e-54
1.5781424709776217e-53
4.5135487586075e-53
1.2568996950979492e-52
3.417938548522777e-52
9.097718507960627e-52
2.3749016826462854e-51
6.089825704565433e-51
1.5360436837560236e-50
3.8154877307474325e-50
9.342959313127851e-50
2.25731111083792e-49
5.385300843946919e-49
1.2695246675993267e-48
2.9590618260157474e-48
6.823240181032906e-48
1.5572912009041457e-47
3.519576471805444e-47
7.880139573046107e-47
1.7485044032170438e-46
3.8462894523654724e-46
8.39075364292483e-46
1.815827934937155e-45
3.8992833166397394e-45
8.31083407151278e-45
1.7585714827562907e-44
3.6951337852896105e-44
7.711663319669547e-44
1.5988259526517035e-43
3.2936085595049377e-43
6.7427685700555164e-43
1.3720615222910095e-42
2.7755411689879542e-42
5.5824730618247514e-42
1.1165374315003786e-41
2.220994001370404e-41
4.394463456767198e-41
8.649738898282881e-41
1.6939112610752722e-40
3.3007937985064826e-40
6.400791070226003e-40
1.2353268131376309e-39
2.3730485299007815e-39
4.53784577268583e-39
8.63875947760912e-39
1.637382727169249e-38
3.090177119093547e-38
5.807466128977491e-38
1.0869126550177515e-37
2.0260050631022444e-37
3.761459948929366e-37
6.956221545108485e-37
1.2815081897193532e-36
2.3519569263972547e-36
4.300563625209836e-36
7.834956144093812e-36
1.4222935262833172e-35
2.5728167099197354e-35
4.6378865343768554e-35
8.331956930589903e-35
1.491807551227157e-34
2.662196221167228e-34
4.735335399990891e-34
8.395879099306383e-34
1.4839083964215396e-33
2.614530208237192e-33
4.5924614479012746e-33
8.042327688145399e-33
1.4041742573631755e-32
2.4444512029269104e-32
4.2430732063454943e-32
7.344051015264586e-32
1.2675457565600871e-31
2.181628448255099e-31
3.7445798618997092e-31
6.4098250556435385e-31
1.0942719327366482e-30
1.863181776225736e-30
3.1641030261790924e-30
5.3595167281775105e-30
9.055118907962027e-30
1.5260535503739906e-29
2.565463007961445e-29
4.302244585412584e-29
7.197314874105185e-29
1.2011698291198588e-28
1.9999033619455926e-28
3.321973876387219e-28
5.505258299752641e-28
9.102588552402915e-28
1.5016511683380629e-27
2.4717305327685433e-27
4.059493702365483e-27
6.652606926654293e-27
1.08785609380599e-26
1.775091646713066e-26
2.890345884258229e-26
4.696435171313607e-26
7.615280640987075e-26
1.2322872979892432e-25
1.9900122442854755e-25
3.207201999138321e-25
5.158608578632213e-25
8.281009517201546e-25
1.3267436917523364e-24
2.1215450698524414e-24
3.386002490461528e-24
5.393866802808947e-24
8.576283130048368e-24
1.3611056241357402e-23
2.156185489804567e-23
3.4094913936312875e-23
5.381579465215748e-23
8.479182131262361e-23
1.3336119109149085e-22
2.0938395245881473e-22
3.2817293728230243e-22
5.13469300043468e-22
8.020202701549649e-22
1.2506104126135425e-21
1.9468440086091564e-21
3.0256533739149115e-21
4.6945338876736514e-21
7.272058428446509e-21
1.1246567892375823e-20
1.7365469415127333e-20
2.6770897013250018e-20
4.120549328072781e-20
6.332408799933318e-20
9.71650661510212e-20
1.4886219001583232e-19
2.277179616159206e-19
3.4781980425406454e-19
5.304700714808783e-19
8.078344660229065e-19
1.228412018587686e-18
1.865224555433203e-18
2.828060595308829e-18
4.281755613511642e-18
6.473447207662197e-18
9.773156163931143e-18
1.4734127245097542e-17
2.218243083409563e-17
3.334983783772648e-17
5.007060668195916e-17
7.50725420685098e-17
1.1240692732984995e-16
1.6808277236214957e-16
2.510012757291565e-16
3.743308547684489e-16
5.575279055419788e-16
8.293028177056746e-16
1.23196799942336e-15
1.8278039970481376e-15
2.708368978342108e-15
4.008095892963582e-15
5.924128128942962e-15
8.745221281349988e-15
1.2893804723089262e-14
1.8987122736367466e-14
2.7926005698473264e-14
4.102360748413091e-14
6.019188672606899e-14
8.821142232181099e-14
1.2912135842856314e-13
1.887823261363638e-13
2.756881595759498e-13
4.0213505954289355e-13
5.859037433590847e-13
8.526769957209246e-13
1.2395103228796512e-12
1.7998090377848864e-12
2.610457939084829e-12
3.782023637264489e-12
5.4733381918607055e-12
7.912323535437513e-12
1.1425696071296038e-11
1.6481294005038804e-11
2.3748328809995276e-11
3.4183062727454195e-11
4.915051738045905e-11
7.059719037325455e-11
1.012959096961102e-10
1.451926070317874e-10
2.078969432139559e-10
2.9737577225787115e-10
4.249323381180005e-10
6.065875837510815e-10
8.650268074858508e-10
1.2323404034929714e-9
1.7538789057111647e-9
2.49367020369799e-9
3.542024747287126e-9
5.026202395997197e-9
7.125359432585501e-9
1.0091473694073555e-8
1.4278611685769132e-8
2.0183825633546834e-8
2.8504249646539532e-8
4.021673894362269e-8
5.6688852405911236e-8
7.983337527813705e-8
1.123232714716388e-7
1.5789043254953134e-7
2.2174052436608774e-7
3.111285433098917e-7
4.361566442590838e-7
6.108791201008211e-7
8.54831463029362e-7
1.195144454299957e-6
1.6694646288754976e-6
2.3299852737775305e-6
3.2490055670666743e-6
4.5265907543350305e-6
6.3011186503134e-6
8.763788005569677e-6
0.000012178560616610723
0.000016909549822493063
0.00002345860526394928
0.000032516848065889614
0.000045035277599156984
0.00006232143022258922
0.00008617159718966709
0.00011905154023617049
0.00016434329947095634
0.00022668200139894693
0.0003124151284508155
0.0004302282915132748
0.0005919972127484959
0.0008139468030724134
0.001118226824574408
0.001535052240248656
0.0021056084333203437
0.0028859916721939603
0.003952549735712718
0.005409114847967246
0.007396792186419319
0.010107197189373468
0.013800343716201436
0.01882879955797182
0.02567028158415342
0.03497160762289226
0.04760791959646976
0.0647624272164309
0.08803370655191918
0.11957997323731445
0.16231293577328992
0.22015808584730998
0.2984039525661931
0.4041704041257629
0.5470361447566071
0.7398789499976807