1.
0.9801199393558894
0.9605961268603157
0.9414228790840311
0.9225945920585225
0.9041057403222826
0.8859508759766354
0.8681246277510385
0.8506217000777883
0.8334368721760487
0.816564997145131
0.8000010010669498
0.7837398821175785
0.7677767096878324
0.7521066235128062
0.73672483281029
0.7216266154279952
0.706807316999515
0.6922623501089493
0.6779871934641223
0.6639773910783218
0.6502285514604902
0.6367363468137983
0.623496512242529
0.6105048449672053
0.5977572035478929
0.5852495071156086
0.5729777346117672
0.5609379240355986
0.5491261716994706
0.537538631492048
0.5261715141492226
0.5150210865327516
0.5040836709165334
0.49335564428046075
0.482833437611785
0.47251353521392747
0.4623924740226739
0.45246684292969025
0.4427332821132952
0.4331884823764285
0.423829184491752
0.41465217855382297
0.4056543033382772
0.396832445667962
0.38818353978595893
0.37970456673543473
0.37139255374626307
0.36324457362835594
0.3552577441716468
0.3474292275526673
0.3397562297476584
0.33223599995215947
0.32486583000701774
0.3176430538307601
0.31056504685827235
0.30362922548572896
0.29683304652171744
0.2901740066445018
0.28364964186537106
0.27725752699801703
0.2709952751338874
0.2648605371234604
0.2588510010633877
0.2529643917894516
0.24719847037528428
0.2415510336367965
0.23601991364226377
0.23060297722801762
0.22529812551969164
0.2201032934589701
0.2150164493357893
0.21003559432594104
0.2051587620340278
0.20038401804172096
0.19570945946127158
0.19113321449422574
0.18665344199529543
0.18226833104133666
0.17797610050538681
0.1737749986357142
0.16966330263983168
0.1656393182734283
0.16170137943417157
0.15784784776033497
0.1540771122342037
0.1503875887902142
0.14677771992778144
0.14324597432876907
0.13979084647955836
0.1364108562976708
0.13310454876290104
0.12987049355291644
0.12670728468327935
0.12361354015184987
0.12058790158752575
0.11762903390327725
0.11473562495343516
0.11190638519518956
0.10914004735425847
0.10643536609468499
0.1037911176927218
0.10120609971476312
0.0986791306992831
0.09620904984274133
0.0937947166894155
0.09143501082512182
0.08912883157478438
0.08687509770381446
0.08467274712326148
0.08252073659869721
0.08041804146279571
0.07836365533157089
0.07635658982423495
0.0743958742866402
0.07248055551826772
0.07060969750272657
0.06878238114172695
0.06699770399249189
0.06525478000857139
0.06355273928402423
0.06189072780093164
0.060267907180208864
0.05868345443567947
0.05713656173137842
0.05562643614204997
0.054152299416806556
0.052713387745915295
0.05130895153067894
0.04993825515637836
0.0486005767682439
0.04729520805042325
0.0460214540079136
0.04477863275142648
0.043566075285153334
0.04238312529740068
0.04122913895406377
0.04010348469490784
0.03900554303262632
0.03793470635464577
0.03689037872764734
0.03587197570477508
0.03487892413550119
0.03391066197811926
0.032966638114836015
0.032046312169432954
0.031149154327469158
0.03027464515899682
0.02942227544376152
0.02859154599885913
0.027781967508821837
0.026993060358105735
0.02622435446595285
0.025475389123600575
0.024745712833811762
0.024034883152699027
0.02334246653381684
0.022668038174495538
0.022011181864391157
0.021371489836225766
0.020748562618692637
0.020142008891501285
0.01955144534253729
0.018976496527112276
0.01841679472927942
0.017871979825190284
0.017341699148468875
0.016825607357578966
0.01632336630516118
0.015834644909316242
0.01535911902681123
0.014896471328185805
0.01444639117473559
0.014008574497350022
0.013582723677182367
0.013168547428129618
0.01276576068110029
0.012374084470048315
0.011993245819751426
0.011622977635312623
0.01126301859336352
0.01091311303494855
0.010573010860069215
0.01024246742386777
0.009921243434429888
0.009609104852186065
0.009305822790891776
0.009011173420166399
0.008724937869571386
0.008446902134208048
0.008176856981815783
0.007914597861351515
0.007659924813031513
0.007412642379816759
0.0071725595203233385
0.006939489523139447
0.00671324992253081
0.0064936624155164544
0.006280552780297011
0.006073750796017832
0.005873090163849423
0.005678408429367856
0.005489546906217991
0.005306350601042508
0.00512866813965993
0.004956351694474967
0.004789256913104706
0.004627242848204299
0.004470171888476007
0.004317909690845593
0.004170325113790224
0.004027290151802222
0.0038886798709731408
0.003754372345682819
0.0036242485963782043
0.0034981925284269253
0.0033760908720307154
0.003257833123183967
0.003143311485662837
0.00303242081403049
0.002925058557644201
0.0028211247056502053
0.0027205217329523182
0.0026231545471405147
0.0025289304363657838
0.00243775901814774
0.0023495521891016002
0.002264224075571302
0.002181690985155651
0.002101871359114566
0.002024685725642591
0.001950056653997019
0.0018779087094680854
0.0018081684091788442
0.0017407641787024692
0.0016756263094848559
0.0016126869170605442
0.001551879900050108
0.001493140899927294
0.001436407261544326
0.0013816179944039135
0.0013287137346666496
0.0012776367078825923
0.0012283306924359698
0.001180740983692063
0.0011348143588354566
0.0010904990423889658
0.0010477446724026737
0.0010065022673026406
0.0009667241933889644
0.0009283641329729927
0.0008913770531436111
0.0008557191751526488
0.0008213479444095621
0.000788222001075672
0.0007563011512483536
0.0007255463387256847
0.0006959196173421798
0.0006673841238663474
0.0006399040514509233
0.0006134446236267436
0.0005879720688313293
0.0005634535954633722
0.0005398573674544111
0.0005171524803491051
0.0004953089378856093
0.0004742976290676743
0.00045409030572018646
0.0004346595605199803
0.00041597880549384974
0.00039802225097579466
0.00038076488501563685
0.00036418245323124285
0.0003482514390966912
0.0003329490446588208
0.000318253171674695
0.00030414240316261644
0.0002905959853594207
0.0002775938100768767
0.00026511639745011424
0.0002531448790710945
0.00024166098150023394
0.00023064701014938147
0.00022008583352944562
0.00020996086785605381
0.00020025606200672097
0.00019095588282309054
0.00018204530075190223
0.00017350977581842613
0.0001653352439261918
0.0001575081034769259
0.0001500152023046977
0.00014284382491835615
0.00013598168004642602
0.00012941688847871373
0.00012313797119895518
0.00011713383780291997
0.000111393775196466
0.0001059074365681196
0.00010066483063083374
0.00009565631112765694
0.00009087256659612109
0.00008630461038623525
0.00008194377092704627
0.00007778168223680404
0.00007381027467184323
0.00007002176590936593
0.00006640865215938478
0.00006296369960115617
0.000059679936039506534
0.00005655064277652379
0.00005356934669415779
0.000050729812543341376
0.0000480260354353134
0.00004545223353089237
0.00004300284092351675
0.000040672500711934384
0.000038456058258489307
0.00003634855462901923
0.000034345220210441405
0.000032441468502168196
0.000030632890077556616
0.000028915246711658596
0.00002728446567160018
0.00002573663416597862
0.000024267993949727143
0.000022874936080956084
0.000021553995826338493
0.00002030184771166634
0.000019115300714261088
0.00001799129359397933
0.000016926890359610523
0.000015919275867519395
0.00001496575154944067
0.000014063731266388039
0.000013210737285693056
0.000012404396378242708
0.000011642436033036803
0.000010922680786238213
0.00001024304866194014
9.601547721925157e-6
8.996272721740786e-6
8.425401870465631e-6
7.887193691588907e-6
7.3799839824743065e-6
6.90218286992664e-6
6.4522719594267255e-6
6.028801575646219e-6
5.630388091899945e-6
5.255711346238376e-6
4.903512141927543e-6
4.57258983010766e-6
4.261799972465156e-6
3.9700520817957074e-6
3.6963074383781504e-6
3.4395769801208593e-6
3.1989192644834114e-6
2.9734385002169193e-6
2.7622826470065218e-6
2.56464158113902e-6
2.379745325357646e-6
2.2068623411043583e-6
2.0452978813879843e-6
1.8943924025538844e-6
1.7535200332676456e-6
1.6220870990616365e-6
1.4995307008290326e-6
1.3853173456852082e-6
1.278941628651131e-6
1.179924963647661e-6
1.0878143623233817e-6
1.002181259271843e-6
9.226203822268209e-7
8.487486658564537e-7
7.802042078088581e-7
7.166452656931004e-7
6.577492937101675e-7
6.032120176788939e-7
5.527465472316123e-7
5.060825239836534e-7
4.6296530450969777e-7
4.231551769883964e-7
3.864266104046346e-7
3.5256753522630565e-7
3.213786544995042e-7
2.9267278433264066e-7
2.6627422276612185e-7
2.420181460499447e-7
2.1975003137681423e-7
1.9932510514322165e-7
1.806078158353169e-7
1.6347133066037524e-7
1.4779705506820288e-7
1.3347417432995008e-7
1.203992163645051e-7
1.0847563502493867e-7
9.761341307935212e-8
8.772868414196141e-8
7.874337283132883e-8
7.058485245333261e-8
6.318561952675138e-8
5.648298448923614e-8
5.041877794095139e-8
4.493907180229315e-8
3.999391478083902e-8
3.553708156105736e-8
3.152583514830284e-8
2.7920701816258192e-8
2.4685258124250458e-8
2.1785929487778284e-8
1.9191799802138298e-8
1.6874431635237436e-8
1.4807696521528027e-8
1.2967614904506702e-8
1.1332205290381332e-8
9.881342190335274e-9
8.596622443309393e-9
7.461239525383164e-9
6.459865465670502e-9
5.578540002157571e-9
4.804566624102343e-9
4.126415160492984e-9
3.5336305866279224e-9
3.0167477331384845e-9
2.5672115937289816e-9
2.1773029395629163e-9
1.8400689595812447e-9
1.54925865710314e-9
1.2992627438352489e-9
1.0850577829057153e-9
9.021543427480624e-10
7.465489335910846e-10
6.146795079680132e-10
5.03384316045072e-10
4.098639156899477e-10
3.316461460583667e-10
2.665538820756857e-10
2.1267539553389328e-10
1.6833715661645886e-10
1.3207891750779022e-10
1.0263092734443534e-10
7.889313512533578e-11
5.991624432216347e-11
4.488448982180201e-11
3.3100014495121366e-11
2.396872912309399e-11
1.6987545626764288e-11
1.1732879545365025e-11
7.850323490726646e-12
5.045398879802139e-12
3.0752986143837367e-12
1.7415385416718855e-12
8.834404950244119e-13
3.7237448471799336e-13
1.0669218764795489e-13
7.288276329218511e-15
1.3730335094092779e-14
8.090213876462156e-14
1.7610892006157307e-13
2.765969303519763e-13
3.67443107785548e-13
4.397740111805383e-13
4.892763609446024e-13
5.149645536094183e-13
5.181733879720609e-13
5.017469621247501e-13
4.693972755706621e-13
4.2520850292016067e-13
3.7326519909222904e-13
3.1738485426317773e-13
2.6093724376204377e-13
2.0673491746259643e-13
1.5698094871868062e-13
1.1326171828590225e-13
7.657404772152619e-14
4.737742320906613e-14
2.5663368367532878e-14
1.1035237130819739e-14
2.7928089733796808e-15
1.7082367332921184e-17
1.651582136576212e-15
6.577326078489301e-15
1.3679339606591296e-14
2.1903267981132238e-14
3.030121769225518e-14
3.80664654951732e-14
4.4557109221916555e-14
4.9309102562759174e-14
5.203942027557309e-14
5.264034449622665e-14
5.1166050740878544e-14
4.781280756476791e-14
4.289419042500234e-14
3.6812751840042775e-14
3.002959019921933e-14
2.303322230482629e-14
1.6309093680281116e-14
1.0310959603632094e-14
5.43524247950502e-15
1.9993212975329362e-15
2.245402945563182e-16
2.245402945563182e-16
1.9993212975329362e-15
5.43524247950502e-15
1.0310959603632094e-14
1.6309093680281116e-14
2.303322230482629e-14
3.002959019921933e-14
3.6812751840042775e-14
4.289419042500234e-14
4.781280756476791e-14
5.1166050740878544e-14
5.264034449622665e-14
5.203942027557309e-14
4.9309102562759174e-14
4.4557109221916555e-14
3.80664654951732e-14
3.030121769225518e-14
2.1903267981132238e-14
1.3679339606591296e-14
6.577326078489301e-15
1.651582136576212e-15
1.7082367332921184e-17
2.7928089733796808e-15
1.1035237130819739e-14
2.5663368367532878e-14
4.737742320906613e-14
7.657404772152619e-14
1.1326171828590225e-13
1.5698094871868062e-13
2.0673491746259643e-13
2.6093724376204377e-13
3.1738485426317773e-13
3.7326519909222904e-13
4.2520850292016067e-13
4.693972755706621e-13
5.017469621247501e-13
5.181733879720609e-13
5.149645536094183e-13
4.892763609446024e-13
4.397740111805383e-13
3.67443107785548e-13
2.765969303519763e-13
1.7610892006157307e-13
8.090213876462156e-14
1.3730335094092779e-14
7.288276329218511e-15
1.0669218764795489e-13
3.7237448471799336e-13
8.834404950244119e-13
1.7415385416718855e-12
3.0752986143837367e-12
5.045398879802139e-12
7.850323490726646e-12
1.1732879545365025e-11
1.6987545626764288e-11
2.396872912309399e-11
3.3100014495121366e-11
4.488448982180201e-11
5.991624432216347e-11
7.889313512533578e-11
1.0263092734443534e-10
1.3207891750779022e-10
1.6833715661645886e-10
2.1267539553389328e-10
2.665538820756857e-10
3.316461460583667e-10
4.098639156899477e-10
5.03384316045072e-10
6.146795079680132e-10
7.465489335910846e-10
9.021543427480624e-10
1.0850577829057153e-9
1.2992627438352489e-9
1.54925865710314e-9
1.8400689595812447e-9
2.1773029395629163e-9
2.5672115937289816e-9
3.0167477331384845e-9
3.5336305866279224e-9
4.126415160492984e-9
4.804566624102343e-9
5.578540002157571e-9
6.459865465670502e-9
7.461239525383164e-9
8.596622443309393e-9
9.881342190335274e-9
1.1332205290381332e-8
1.2967614904506702e-8
1.4807696521528027e-8
1.6874431635237436e-8
1.9191799802138298e-8
2.1785929487778284e-8
2.4685258124250458e-8
2.7920701816258192e-8
3.152583514830284e-8
3.553708156105736e-8
3.999391478083902e-8
4.493907180229315e-8
5.041877794095139e-8
5.648298448923614e-8
6.318561952675138e-8
7.058485245333261e-8
7.874337283132883e-8
8.772868414196141e-8
9.761341307935212e-8
1.0847563502493867e-7
1.203992163645051e-7
1.3347417432995008e-7
1.4779705506820288e-7
1.6347133066037524e-7
1.806078158353169e-7
1.9932510514322165e-7
2.1975003137681423e-7
2.420181460499447e-7
2.6627422276612185e-7
2.9267278433264066e-7
3.213786544995042e-7
3.5256753522630565e-7
3.864266104046346e-7
4.231551769883964e-7
4.6296530450969777e-7
5.060825239836534e-7
5.527465472316123e-7
6.032120176788939e-7
6.577492937101675e-7
7.166452656931004e-7
7.802042078088581e-7
8.487486658564537e-7
9.226203822268209e-7
1.002181259271843e-6
1.0878143623233817e-6
1.179924963647661e-6
1.278941628651131e-6
1.3853173456852082e-6
1.4995307008290326e-6
1.6220870990616365e-6
1.7535200332676456e-6
1.8943924025538844e-6
2.0452978813879843e-6
2.2068623411043583e-6
2.379745325357646e-6
2.56464158113902e-6
2.7622826470065218e-6
2.9734385002169193e-6
3.1989192644834114e-6
3.4395769801208593e-6
3.6963074383781504e-6
3.9700520817957074e-6
4.261799972465156e-6
4.57258983010766e-6
4.903512141927543e-6
5.255711346238376e-6
5.630388091899945e-6
6.028801575646219e-6
6.4522719594267255e-6
6.90218286992664e-6
7.3799839824743065e-6
7.887193691588907e-6
8.425401870465631e-6
8.996272721740786e-6
9.601547721925157e-6
0.00001024304866194014
0.000010922680786238213
0.000011642436033036803
0.000012404396378242708
0.000013210737285693056
0.000014063731266388039
0.00001496575154944067
0.000015919275867519395
0.000016926890359610523
0.00001799129359397933
0.000019115300714261088
0.00002030184771166634
0.000021553995826338493
0.000022874936080956084
0.000024267993949727143
0.00002573663416597862
0.00002728446567160018
0.000028915246711658596
0.000030632890077556616
0.000032441468502168196
0.000034345220210441405
0.00003634855462901923
0.000038456058258489307
0.000040672500711934384
0.00004300284092351675
0.00004545223353089237
0.0000480260354353134
0.000050729812543341376
0.00005356934669415779
0.00005655064277652379
0.000059679936039506534
0.00006296369960115617
0.00006640865215938478
0.00007002176590936593
0.00007381027467184323
0.00007778168223680404
0.00008194377092704627
0.00008630461038623525
0.00009087256659612109
0.00009565631112765694
0.00010066483063083374
0.0001059074365681196
0.000111393775196466
0.00011713383780291997
0.00012313797119895518
0.00012941688847871373
0.00013598168004642602
0.00014284382491835615
0.0001500152023046977
0.0001575081034769259
0.0001653352439261918
0.00017350977581842613
0.00018204530075190223
0.00019095588282309054
0.00020025606200672097
0.00020996086785605381
0.00022008583352944562
0.00023064701014938147
0.00024166098150023394
0.0002531448790710945
0.00026511639745011424
0.0002775938100768767
0.0002905959853594207
0.00030414240316261644
0.000318253171674695
0.0003329490446588208
0.0003482514390966912
0.00036418245323124285
0.00038076488501563685
0.00039802225097579466
0.00041597880549384974
0.0004346595605199803
0.00045409030572018646
0.0004742976290676743
0.0004953089378856093
0.0005171524803491051
0.0005398573674544111
0.0005634535954633722
0.0005879720688313293
0.0006134446236267436
0.0006399040514509233
0.0006673841238663474
0.0006959196173421798
0.0007255463387256847
0.0007563011512483536
0.000788222001075672
0.0008213479444095621
0.0008557191751526488
0.0008913770531436111
0.0009283641329729927
0.0009667241933889644
0.0010065022673026406
0.0010477446724026737
0.0010904990423889658
0.0011348143588354566
0.001180740983692063
0.0012283306924359698
0.0012776367078825923
0.0013287137346666496
0.0013816179944039135
0.001436407261544326
0.001493140899927294
0.001551879900050108
0.0016126869170605442
0.0016756263094848559
0.0017407641787024692
0.0018081684091788442
0.0018779087094680854
0.001950056653997019
0.002024685725642591
0.002101871359114566
0.002181690985155651
0.002264224075571302
0.0023495521891016002
0.00243775901814774
0.0025289304363657838
0.0026231545471405147
0.0027205217329523182
0.0028211247056502053
0.002925058557644201
0.00303242081403049
0.003143311485662837
0.003257833123183967
0.0033760908720307154
0.0034981925284269253
0.0036242485963782043
0.003754372345682819
0.0038886798709731408
0.004027290151802222
0.004170325113790224
0.004317909690845593
0.004470171888476007
0.004627242848204299
0.004789256913104706
0.004956351694474967
0.00512866813965993
0.005306350601042508
0.005489546906217991
0.005678408429367856
0.005873090163849423
0.006073750796017832
0.006280552780297011
0.0064936624155164544
0.00671324992253081
0.006939489523139447
0.0071725595203233385
0.007412642379816759
0.007659924813031513
0.007914597861351515
0.008176856981815783
0.008446902134208048
0.008724937869571386
0.009011173420166399
0.009305822790891776
0.009609104852186065
0.009921243434429888
0.01024246742386777
0.010573010860069215
0.01091311303494855
0.01126301859336352
0.011622977635312623
0.011993245819751426
0.012374084470048315
0.01276576068110029
0.013168547428129618
0.013582723677182367
0.014008574497350022
0.01444639117473559
0.014896471328185805
0.01535911902681123
0.015834644909316242
0.01632336630516118
0.016825607357578966
0.017341699148468875
0.017871979825190284
0.01841679472927942
0.018976496527112276
0.01955144534253729
0.020142008891501285
0.020748562618692637
0.021371489836225766
0.022011181864391157
0.022668038174495538
0.02334246653381684
0.024034883152699027
0.024745712833811762
0.025475389123600575
0.02622435446595285
0.026993060358105735
0.027781967508821837
0.02859154599885913
0.02942227544376152
0.03027464515899682
0.031149154327469158
0.032046312169432954
0.032966638114836015
0.03391066197811926
0.03487892413550119
0.03587197570477508
0.03689037872764734
0.03793470635464577
0.03900554303262632
0.04010348469490784
0.04122913895406377
0.04238312529740068
0.043566075285153334
0.04477863275142648
0.0460214540079136
0.04729520805042325
0.0486005767682439
0.04993825515637836
0.05130895153067894
0.052713387745915295
0.054152299416806556
0.05562643614204997
0.05713656173137842
0.05868345443567947
0.060267907180208864
0.06189072780093164
0.06355273928402423
0.06525478000857139
0.06699770399249189
0.06878238114172695
0.07060969750272657
0.07248055551826772
0.0743958742866402
0.07635658982423495
0.07836365533157089
0.08041804146279571
0.08252073659869721
0.08467274712326148
0.08687509770381446
0.08912883157478438
0.09143501082512182
0.0937947166894155
0.09620904984274133
0.0986791306992831
0.10120609971476312
0.1037911176927218
0.10643536609468499
0.10914004735425847
0.11190638519518956
0.11473562495343516
0.11762903390327725
0.12058790158752575
0.12361354015184987
0.12670728468327935
0.12987049355291644
0.13310454876290104
0.1364108562976708
0.13979084647955836
0.14324597432876907
0.14677771992778144
0.1503875887902142
0.1540771122342037
0.15784784776033497
0.16170137943417157
0.1656393182734283
0.16966330263983168
0.1737749986357142
0.17797610050538681
0.18226833104133666
0.18665344199529543
0.19113321449422574
0.19570945946127158
0.20038401804172096
0.2051587620340278
0.21003559432594104
0.2150164493357893
0.2201032934589701
0.22529812551969164
0.23060297722801762
0.23601991364226377
0.2415510336367965
0.24719847037528428
0.2529643917894516
0.2588510010633877
0.2648605371234604
0.2709952751338874
0.27725752699801703
0.28364964186537106
0.2901740066445018
0.29683304652171744
0.30362922548572896
0.31056504685827235
0.3176430538307601
0.32486583000701774
0.33223599995215947
0.3397562297476584
0.3474292275526673
0.3552577441716468
0.36324457362835594
0.37139255374626307
0.37970456673543473
0.38818353978595893
0.396832445667962
0.4056543033382772
0.41465217855382297
0.423829184491752
0.4331884823764285
0.4427332821132952
0.45246684292969025
0.4623924740226739
0.47251353521392747
0.482833437611785
0.49335564428046075
0.5040836709165334
0.5150210865327516
0.5261715141492226
0.537538631492048
0.5491261716994706
0.5609379240355986
0.5729777346117672
0.5852495071156086
0.5977572035478929
0.6105048449672053
0.623496512242529
0.6367363468137983
0.6502285514604902
0.6639773910783218
0.6779871934641223
0.6922623501089493
0.706807316999515
0.7216266154279952
0.73672483281029
0.7521066235128062
0.7677767096878324
0.7837398821175785
0.8000010010669498
0.816564997145131
0.8334368721760487
0.8506217000777883
0.8681246277510385
0.8859508759766354
0.9041057403222826
0.9225945920585225
0.9414228790840311
0.9605961268603157
0.9801199393558894