1.
0.519509040537537
0.2688938785527701
0.1386569385171386
0.07122834505817353
0.03644951791902992
0.01857954124350777
0.009433187016276682
0.004770210694974568
0.0024024099350996213
0.001204928389473461
0.0006018016709238269
0.0002992928474455189
0.00014820475099934808
0.00007306712894299678
0.000035862998222914636
0.00001752287942149582
8.522509951857323e-6
4.125728860375631e-6
1.9877968644077484e-6
9.531198999079943e-7
4.547705668312072e-7
2.159088486545857e-7
1.0198697672597029e-7
4.7926633950605365e-8
2.240410577530158e-8
1.0417321147863322e-8
4.817483006434912e-9
2.215524632189411e-9
1.01316531807e-9
4.606646991720583e-10
2.0822955047711245e-10
9.356271427577232e-11
4.178445046747684e-11
1.854490077408895e-11
8.178558435568142e-12
3.5835527152507996e-12
1.5598244649563361e-12
6.743731375745407e-13
2.8954933439746775e-13
1.2344545879365424e-13
5.2250143925199373e-14
2.195261228076995e-14
9.153654269839649e-15
3.7873210169766235e-15
1.5545869596174853e-15
6.329292342903667e-16
2.555407300784312e-16
1.0228993050342413e-16
4.058553800098547e-17
1.5957609866461127e-17
6.215971553046326e-18
2.3981422102723005e-18
9.160911484053582e-19
3.463903051915864e-19
1.2960242478984768e-19
4.7965474198961085e-20
1.7552956692130022e-20
6.3489837926771726e-21
2.268843581955091e-21
8.006660075671452e-22
2.788876299400839e-22
9.583080879695269e-23
3.246581530113891e-23
1.0837208862548614e-23
3.5618655415882556e-24
1.1517969048690265e-24
3.661403842937341e-25
1.143108951540345e-25
3.501414730502185e-26
1.051010040115165e-26
3.0874603477876394e-27
8.862753382415169e-28
2.4816966776024995e-28
6.764789388920861e-29
1.7907540505850887e-29
4.590214789714381e-30
1.1352805609162547e-30
2.6972304713100162e-31
6.120702350758035e-32
1.316638747993927e-32
2.6568550766422815e-33
4.952965344693594e-34
8.327732343609747e-35
1.2110632184813576e-35
1.3982140060850133e-36
1.0144715449682972e-37
1.1167671497847578e-39
1.3894258714158197e-39
1.5631463377075313e-39
7.050840910912834e-40
2.151528125402936e-40
4.944723302383191e-41
8.501887542154359e-42
9.65124178280985e-43
4.0310816130520593e-44
2.504414818392939e-45
8.405584672428782e-45
4.8651812066613026e-45
1.613441813519403e-45
3.577485074355998e-46
4.947761378572438e-47
2.5231896917669984e-48
1.2405598302419226e-49
5.279757530048726e-49
3.2162112857488472e-49
1.0505214498965324e-49
2.0790818128629277e-50
1.962024181056254e-51
1.4587920091144033e-54
1.2378584378976279e-52
1.119175150858655e-52
4.3785935234981685e-53
9.585341694039598e-54
9.158378256179902e-55
2.6548647988551935e-58
8.913992358253647e-56
7.521073470088907e-56
2.776696394377019e-56
5.271418454972814e-57
2.823625739834472e-58
4.708235352494236e-59
1.3971196447577497e-58
8.153004245425744e-59
2.2783944990941855e-59
2.5717735556970127e-60
1.857966688102814e-63
3.33348034975994e-61
2.928237254309435e-61
1.056970860963873e-61
1.6357737503536828e-62
1.1546677534728473e-64
1.1974613741985527e-63
1.4124994582450364e-63
5.913518813883951e-64
1.0394494232213695e-64
1.2103090727800238e-66
7.269547271498064e-66
9.478229533366124e-66
4.1321566441706655e-66
7.133826347013572e-67
3.294565299896946e-69
7.397306464602202e-68
8.722938522173496e-68
3.565236282512766e-68
5.151397848746257e-69
1.6073257764889191e-71
1.119867155450291e-69
1.0481433780803541e-69
3.626612842215059e-70
3.3950391600255495e-71
4.539608277764644e-72
2.2052380134804426e-71
1.5365873863240106e-71
3.993829332714327e-72
1.1571054934283659e-73
2.895500128972977e-73
5.1098625097768023e-73
2.534570201338492e-73
4.012644432952371e-74
5.007803472857846e-76
1.3760647805430748e-74
1.2919627089465992e-74
4.20553676131129e-75
2.0862111225096762e-76
2.5688377452088017e-76
5.879071294359552e-76
3.291993933513767e-76
5.585317816712264e-77
1.0926388101481543e-78
2.427447009837815e-77
2.3276445913529718e-77
7.3911981375812875e-78
2.1194702681877366e-79
8.548437553310965e-79
1.5938566107419957e-78
8.091912450521854e-79
9.911730391794499e-80
1.9667056421531406e-80
1.085122101244131e-79
8.447314043007734e-80
2.0107215674113853e-80
1.9523234505331972e-83
7.344182627227337e-81
8.933223745846021e-81
3.334834520091964e-81
1.1247084212315937e-82
4.795414146493673e-82
9.871461476610822e-82
5.302349760073863e-82
5.757846342730005e-83
2.757815616431048e-83
1.1592907110747526e-82
8.636511628520588e-83
1.7086718058076945e-83
1.0239210741178867e-84
1.4594616400818765e-83
1.4918032686946484e-83
4.431095088692579e-84
2.952531837382918e-88
1.9745568748885587e-84
2.7893848003361756e-84
1.1350034255400913e-84
2.462898717150782e-86
2.8611223026129015e-85
5.720940416088489e-85
3.031266447729861e-85
2.0994202551496647e-86
4.391446646496805e-86
1.29857194080251e-85
8.689357978009407e-86
1.1068769121517662e-86
6.97337998216146e-87
3.28237050088614e-86
2.720513603368683e-86
5.199876616602694e-87
1.0900574469767092e-87
9.278598574664676e-87
9.407895201633914e-87
2.435991561748398e-87
1.4865239366683623e-88
2.9414938929185212e-87
3.6207831294141685e-87
1.1964711322799611e-87
1.1529768906510803e-89
1.0474563352616753e-87
1.55902269727194e-87
6.328575525218362e-88
1.557869946413502e-91
4.191752014105676e-88
7.53730264567747e-88
3.6630362667864103e-88
4.279338069763668e-90
1.883935881286594e-88
4.101668870898215e-88
2.3441196034889776e-88
8.168225739723721e-90
9.491083311702096e-89
2.5163214024564534e-88
1.6700938685840613e-88
1.095986761370902e-89
5.341097736930135e-89
1.7417982640882508e-88
1.331148754500262e-88
1.3610334953322193e-89
3.3386420506910745e-89
1.360659745066227e-88
1.1910239596311748e-88
1.7171297712819066e-89
2.297822023417871e-89
1.1991184519310784e-88
1.1991184519310784e-88
2.297822023417871e-89
1.7171297712819066e-89
1.1910239596311748e-88
1.360659745066227e-88
3.3386420506910745e-89
1.3610334953322193e-89
1.331148754500262e-88
1.7417982640882508e-88
5.341097736930135e-89
1.095986761370902e-89
1.6700938685840613e-88
2.5163214024564534e-88
9.491083311702096e-89
8.168225739723721e-90
2.3441196034889776e-88
4.101668870898215e-88
1.883935881286594e-88
4.279338069763668e-90
3.6630362667864103e-88
7.53730264567747e-88
4.191752014105676e-88
1.557869946413502e-91
6.328575525218362e-88
1.55902269727194e-87
1.0474563352616753e-87
1.1529768906510803e-89
1.1964711322799611e-87
3.6207831294141685e-87
2.9414938929185212e-87
1.4865239366683623e-88
2.435991561748398e-87
9.407895201633914e-87
9.278598574664676e-87
1.0900574469767092e-87
5.199876616602694e-87
2.720513603368683e-86
3.28237050088614e-86
6.97337998216146e-87
1.1068769121517662e-86
8.689357978009407e-86
1.29857194080251e-85
4.391446646496805e-86
2.0994202551496647e-86
3.031266447729861e-85
5.720940416088489e-85
2.8611223026129015e-85
2.462898717150782e-86
1.1350034255400913e-84
2.7893848003361756e-84
1.9745568748885587e-84
2.952531837382918e-88
4.431095088692579e-84
1.4918032686946484e-83
1.4594616400818765e-83
1.0239210741178867e-84
1.7086718058076945e-83
8.636511628520588e-83
1.1592907110747526e-82
2.757815616431048e-83
5.757846342730005e-83
5.302349760073863e-82
9.871461476610822e-82
4.795414146493673e-82
1.1247084212315937e-82
3.334834520091964e-81
8.933223745846021e-81
7.344182627227337e-81
1.9523234505331972e-83
2.0107215674113853e-80
8.447314043007734e-80
1.085122101244131e-79
1.9667056421531406e-80
9.911730391794499e-80
8.091912450521854e-79
1.5938566107419957e-78
8.548437553310965e-79
2.1194702681877366e-79
7.3911981375812875e-78
2.3276445913529718e-77
2.427447009837815e-77
1.0926388101481543e-78
5.585317816712264e-77
3.291993933513767e-76
5.879071294359552e-76
2.5688377452088017e-76
2.0862111225096762e-76
4.20553676131129e-75
1.2919627089465992e-74
1.3760647805430748e-74
5.007803472857846e-76
4.012644432952371e-74
2.534570201338492e-73
5.1098625097768023e-73
2.895500128972977e-73
1.1571054934283659e-73
3.993829332714327e-72
1.5365873863240106e-71
2.2052380134804426e-71
4.539608277764644e-72
3.3950391600255495e-71
3.626612842215059e-70
1.0481433780803541e-69
1.119867155450291e-69
1.6073257764889191e-71
5.151397848746257e-69
3.565236282512766e-68
8.722938522173496e-68
7.397306464602202e-68
3.294565299896946e-69
7.133826347013572e-67
4.1321566441706655e-66
9.478229533366124e-66
7.269547271498064e-66
1.2103090727800238e-66
1.0394494232213695e-64
5.913518813883951e-64
1.4124994582450364e-63
1.1974613741985527e-63
1.1546677534728473e-64
1.6357737503536828e-62
1.056970860963873e-61
2.928237254309435e-61
3.33348034975994e-61
1.857966688102814e-63
2.5717735556970127e-60
2.2783944990941855e-59
8.153004245425744e-59
1.3971196447577497e-58
4.708235352494236e-59
2.823625739834472e-58
5.271418454972814e-57
2.776696394377019e-56
7.521073470088907e-56
8.913992358253647e-56
2.6548647988551935e-58
9.158378256179902e-55
9.585341694039598e-54
4.3785935234981685e-53
1.119175150858655e-52
1.2378584378976279e-52
1.4587920091144033e-54
1.962024181056254e-51
2.0790818128629277e-50
1.0505214498965324e-49
3.2162112857488472e-49
5.279757530048726e-49
1.2405598302419226e-49
2.5231896917669984e-48
4.947761378572438e-47
3.577485074355998e-46
1.613441813519403e-45
4.8651812066613026e-45
8.405584672428782e-45
2.504414818392939e-45
4.0310816130520593e-44
9.65124178280985e-43
8.501887542154359e-42
4.944723302383191e-41
2.151528125402936e-40
7.050840910912834e-40
1.5631463377075313e-39
1.3894258714158197e-39
1.1167671497847578e-39
1.0144715449682972e-37
1.3982140060850133e-36
1.2110632184813576e-35
8.327732343609747e-35
4.952965344693594e-34
2.6568550766422815e-33
1.316638747993927e-32
6.120702350758035e-32
2.6972304713100162e-31
1.1352805609162547e-30
4.590214789714381e-30
1.7907540505850887e-29
6.764789388920861e-29
2.4816966776024995e-28
8.862753382415169e-28
3.0874603477876394e-27
1.051010040115165e-26
3.501414730502185e-26
1.143108951540345e-25
3.661403842937341e-25
1.1517969048690265e-24
3.5618655415882556e-24
1.0837208862548614e-23
3.246581530113891e-23
9.583080879695269e-23
2.788876299400839e-22
8.006660075671452e-22
2.268843581955091e-21
6.3489837926771726e-21
1.7552956692130022e-20
4.7965474198961085e-20
1.2960242478984768e-19
3.463903051915864e-19
9.160911484053582e-19
2.3981422102723005e-18
6.215971553046326e-18
1.5957609866461127e-17
4.058553800098547e-17
1.0228993050342413e-16
2.555407300784312e-16
6.329292342903667e-16
1.5545869596174853e-15
3.7873210169766235e-15
9.153654269839649e-15
2.195261228076995e-14
5.2250143925199373e-14
1.2344545879365424e-13
2.8954933439746775e-13
6.743731375745407e-13
1.5598244649563361e-12
3.5835527152507996e-12
8.178558435568142e-12
1.854490077408895e-11
4.178445046747684e-11
9.356271427577232e-11
2.0822955047711245e-10
4.606646991720583e-10
1.01316531807e-9
2.215524632189411e-9
4.817483006434912e-9
1.0417321147863322e-8
2.240410577530158e-8
4.7926633950605365e-8
1.0198697672597029e-7
2.159088486545857e-7
4.547705668312072e-7
9.531198999079943e-7
1.9877968644077484e-6
4.125728860375631e-6
8.522509951857323e-6
0.00001752287942149582
0.000035862998222914636
0.00007306712894299678
0.00014820475099934808
0.0002992928474455189
0.0006018016709238269
0.001204928389473461
0.0024024099350996213
0.004770210694974568
0.009433187016276682
0.01857954124350777
0.03644951791902992
0.07122834505817353
0.1386569385171386
0.2688938785527701
0.519509040537537